time,clock,step,dvx,dvy,dvz,ax,ay,az,avx,avy,avz,heading,twind,windacc,awind,cmdrudder,cmdsail,lat,long
1565621653.710097,0.019411,0,0.000000,0.000000,0.000000,0.000000,0.000000,0.000000,0.000000,0.000000,0.000000,0.000000,0.000000,0.000000,0.000000,-0.555360,0.670379,50.695087,-4.234104
1565621653.790600,0.099921,0,0.400564,0.368856,0.000000,-0.021416,-0.000000,0.000000,0.000000,0.000000,0.000000,0.000000,0.000000,1.599436,0.000000,-0.555360,0.670379,50.695087,-4.234104
1565621653.890571,0.199899,0,0.414491,0.379394,0.000000,0.273314,0.000936,0.000000,0.000000,0.000000,0.081572,0.003426,0.000235,1.585510,-0.004321,-0.553455,0.670445,50.695087,-4.234104
1565621653.990587,0.299924,0,0.441185,0.398980,0.000000,0.263461,0.004197,0.000000,0.000000,0.000000,0.154215,0.015929,0.001136,1.558831,-0.020438,-0.546444,0.670695,50.695087,-4.234104
1565621654.090624,0.399948,0,0.467064,0.417220,0.000000,0.258142,0.008704,0.000000,0.000000,0.000000,0.193140,0.033704,0.002481,1.533017,-0.043977,-0.536330,0.671067,50.695087,-4.234104
1565621654.190604,0.499932,0,0.492511,0.434444,0.000000,0.256818,0.013930,0.000000,0.000000,0.000000,0.212293,0.054188,0.004094,1.507726,-0.071908,-0.524466,0.671514,50.695087,-4.234104
1565621654.290570,0.599898,0,0.517733,0.450795,0.000000,0.257561,0.019591,0.000000,0.000000,0.000000,0.220357,0.075919,0.005855,1.482790,-0.102481,-0.511639,0.672000,50.695091,-4.234105
1565621654.390618,0.699948,0,0.542821,0.466298,0.000000,0.259181,0.025507,0.000000,0.000000,0.000000,0.222423,0.098096,0.007682,1.458158,-0.134740,-0.498299,0.672504,50.695091,-4.234105
1565621654.490585,0.799917,0,0.567771,0.480897,0.000000,0.261015,0.031545,0.000000,0.000000,0.000000,0.221341,0.120271,0.009515,1.433871,-0.168145,-0.484716,0.673009,50.695091,-4.234105
1565621654.590600,0.899930,0,0.592602,0.494543,0.000000,0.262695,0.037624,0.000000,0.000000,0.000000,0.218632,0.142254,0.011308,1.409955,-0.202486,-0.471014,0.673501,50.695091,-4.234105
1565621654.690633,0.999963,0,0.617265,0.507142,0.000000,0.264021,0.043671,0.000000,0.000000,0.000000,0.215071,0.163922,0.013021,1.386499,-0.237626,-0.457287,0.673971,50.695091,-4.234105
1565621654.790584,1.099914,0,0.641706,0.518604,0.000000,0.264912,0.049631,0.000000,0.000000,0.000000,0.211045,0.185203,0.014617,1.363604,-0.273484,-0.443596,0.674408,50.695091,-4.234105
1565621654.890615,1.199937,0,0.665837,0.528828,0.000000,0.265323,0.055452,0.000000,0.000000,0.000000,0.206741,0.206031,0.016058,1.341401,-0.309959,-0.430001,0.674802,50.695095,-4.234105
1565621654.990588,1.299917,0,0.689679,0.537766,0.000000,0.265216,0.061105,0.000000,0.000000,0.000000,0.202243,0.226445,0.017316,1.319921,-0.347123,-0.416496,0.675146,50.695095,-4.234105
1565621655.090626,1.399956,0,0.713141,0.545332,0.000000,0.264583,0.066543,0.000000,0.000000,0.000000,0.197614,0.246393,0.018358,1.299298,-0.384876,-0.403131,0.675430,50.695095,-4.234106
1565621655.190614,1.499936,0,0.736190,0.551470,0.000000,0.263443,0.071741,0.000000,0.000000,0.000000,0.192872,0.265874,0.019153,1.279613,-0.423195,-0.389924,0.675646,50.695095,-4.234106
1565621655.290597,1.599933,0,0.758770,0.556128,0.000000,0.261795,0.076662,0.000000,0.000000,0.000000,0.188044,0.284869,0.019674,1.260961,-0.462003,-0.376905,0.675788,50.695095,-4.234106
1565621655.390627,1.699959,0,0.780874,0.559273,0.000000,0.259647,0.081286,0.000000,0.000000,0.000000,0.183146,0.303397,0.019896,1.243395,-0.501295,-0.364074,0.675849,50.695095,-4.234107
1565621655.490610,1.799929,0,0.802398,0.560875,0.000000,0.257019,0.085572,0.000000,0.000000,0.000000,0.178200,0.321396,0.019798,1.227037,-0.540873,-0.351490,0.675822,50.695099,-4.234107
1565621655.590626,1.899952,0,0.823371,0.560928,0.000000,0.253938,0.089517,0.000000,0.000000,0.000000,0.173213,0.338912,0.019360,1.211899,-0.580762,-0.339134,0.675703,50.695099,-4.234107
1565621655.690629,1.999958,0,0.843750,0.559435,0.000000,0.250401,0.093090,0.000000,0.000000,0.000000,0.168213,0.355931,0.018569,1.198043,-0.620843,-0.327029,0.675487,50.695099,-4.234107
1565621655.790604,2.099923,0,0.863502,0.556410,0.000000,0.246456,0.096286,0.000000,0.000000,0.000000,0.163209,0.372447,0.017413,1.185510,-0.660999,-0.315191,0.675172,50.695099,-4.234108
1565621655.890623,2.199951,0,0.882608,0.551885,0.000000,0.242132,0.099094,0.000000,0.000000,0.000000,0.158218,0.388460,0.015887,1.174325,-0.701121,-0.303632,0.674756,50.695103,-4.234108
1565621655.990583,2.299916,0,0.901056,0.545898,0.000000,0.237447,0.101506,0.000000,0.000000,0.000000,0.153252,0.403978,0.013988,1.164496,-0.741109,-0.292356,0.674236,50.695103,-4.234109
1565621656.090655,2.399987,0,0.918822,0.538510,0.000000,0.232442,0.103522,0.000000,0.000000,0.000000,0.148326,0.418994,0.011720,1.156028,-0.780819,-0.281377,0.673615,50.695103,-4.234110
1565621656.190662,2.499998,0,0.935917,0.529773,0.000000,0.227150,0.105148,0.000000,0.000000,0.000000,0.143451,0.433530,0.009086,1.148898,-0.820182,-0.270689,0.672891,50.695103,-4.234110
1565621656.290636,2.599966,0,0.952327,0.519764,0.000000,0.221601,0.106387,0.000000,0.000000,0.000000,0.138640,0.447586,0.006099,1.143086,-0.859064,-0.260300,0.672068,50.695103,-4.234111
1565621656.390638,2.699968,0,0.968028,0.508581,0.000000,0.215841,0.107247,0.000000,0.000000,0.000000,0.133899,0.461148,0.002778,1.138561,-0.897303,-0.250226,0.671150,50.695107,-4.234112
1565621656.490617,2.799939,0,0.983035,0.496306,0.000000,0.209898,0.107742,0.000000,0.000000,0.000000,0.129236,0.474236,-0.000860,1.135270,-0.934823,-0.240462,0.670140,50.695107,-4.234112
1565621656.590636,2.899966,0,0.997359,0.483026,0.000000,0.203800,0.107885,0.000000,0.000000,0.000000,0.124664,0.486864,-0.004795,1.133155,-0.971547,-0.231001,0.669045,50.695107,-4.234113
1565621656.690603,2.999922,0,1.011034,0.468808,0.000000,0.197583,0.107701,0.000000,0.000000,0.000000,0.120190,0.499068,-0.009011,1.132154,-1.007465,-0.221823,0.667866,50.695107,-4.234114
1565621656.790590,3.099924,0,1.024007,0.453819,0.000000,0.191291,0.107202,0.000000,0.000000,0.000000,0.115821,0.510800,-0.013461,1.132202,-1.042334,-0.212969,0.666616,50.695110,-4.234115
1565621656.890607,3.199942,0,1.036337,0.438109,0.000000,0.184951,0.106415,0.000000,0.000000,0.000000,0.111545,0.522112,-0.018131,1.133222,-1.076211,-0.204404,0.665299,50.695110,-4.234116
1565621656.990604,3.299927,0,1.048030,0.421781,0.000000,0.178578,0.105355,0.000000,0.000000,0.000000,0.107385,0.533010,-0.022989,1.135141,-1.109033,-0.196127,0.663923,50.695110,-4.234116
1565621657.090582,3.399912,0,1.059080,0.404970,0.000000,0.172222,0.104052,0.000000,0.000000,0.000000,0.103339,0.543483,-0.027995,1.137876,-1.140692,-0.188152,0.662498,50.695110,-4.234117
1565621657.190637,3.499966,0,1.069530,0.387732,0.000000,0.165888,0.102523,0.000000,0.000000,0.000000,0.099400,0.553567,-0.033129,1.141354,-1.171231,-0.180453,0.661029,50.695114,-4.234118
1565621657.290610,3.599926,0,1.079379,0.370192,0.000000,0.159603,0.100788,0.000000,0.000000,0.000000,0.095582,0.563254,-0.038350,1.145490,-1.200578,-0.173040,0.659529,50.695114,-4.234119
1565621657.390614,3.699937,0,1.088667,0.352404,0.000000,0.153400,0.098883,0.000000,0.000000,0.000000,0.091878,0.572576,-0.043639,1.150218,-1.228781,-0.165891,0.658001,50.695114,-4.234120
1565621657.490613,3.799936,0,1.097406,0.334461,0.000000,0.147278,0.096816,0.000000,0.000000,0.000000,0.088293,0.581538,-0.048965,1.155463,-1.255823,-0.159005,0.656455,50.695118,-4.234121
1565621657.590615,3.899937,0,1.105599,0.316479,0.000000,0.141268,0.094614,0.000000,0.000000,0.000000,0.084822,0.590133,-0.054290,1.161143,-1.281656,-0.152388,0.654902,50.695118,-4.234122
1565621657.690593,3.999930,0,1.113298,0.298473,0.000000,0.135380,0.092301,0.000000,0.000000,0.000000,0.081463,0.598402,-0.059605,1.167210,-1.306382,-0.146012,0.653345,50.695118,-4.234123
1565621657.790600,4.099920,0,1.120506,0.280540,0.000000,0.129623,0.089891,0.000000,0.000000,0.000000,0.078224,0.606339,-0.064879,1.173593,-1.329976,-0.139882,0.651792,50.695118,-4.234124
1565621657.890578,4.199908,0,1.127246,0.262748,0.000000,0.124014,0.087408,0.000000,0.000000,0.000000,0.075094,0.613955,-0.070088,1.180231,-1.352457,-0.133992,0.650251,50.695122,-4.234125
1565621657.990617,4.299940,0,1.133545,0.245130,0.000000,0.118553,0.084864,0.000000,0.000000,0.000000,0.072074,0.621270,-0.075222,1.187078,-1.373883,-0.128328,0.648726,50.695122,-4.234127
1565621658.090613,4.399936,0,1.139417,0.227762,0.000000,0.113254,0.082278,0.000000,0.000000,0.000000,0.069165,0.628284,-0.080257,1.194075,-1.394253,-0.122890,0.647224,50.695122,-4.234128
1565621658.190601,4.499921,0,1.144890,0.210665,0.000000,0.108115,0.079662,0.000000,0.000000,0.000000,0.066360,0.635017,-0.085184,1.201187,-1.413631,-0.117664,0.645747,50.695122,-4.234129
1565621658.290617,4.599940,0,1.149981,0.193884,0.000000,0.103141,0.077029,0.000000,0.000000,0.000000,0.063660,0.641475,-0.089992,1.208370,-1.432043,-0.112647,0.644300,50.695126,-4.234130
1565621658.390616,4.699938,0,1.154710,0.177462,0.000000,0.098336,0.074394,0.000000,0.000000,0.000000,0.061061,0.647667,-0.094667,1.215584,-1.449518,-0.107832,0.642888,50.695126,-4.234131
1565621658.490628,4.799958,0,1.159101,0.161404,0.000000,0.093701,0.071767,0.000000,0.000000,0.000000,0.058560,0.653611,-0.099209,1.222807,-1.466120,-0.103206,0.641511,50.695126,-4.234132
1565621658.590624,4.899948,0,1.163169,0.145748,0.000000,0.089236,0.069158,0.000000,0.000000,0.000000,0.056157,0.659310,-0.103608,1.230003,-1.481868,-0.098767,0.640172,50.695129,-4.234134
1565621658.690637,4.999968,0,1.166932,0.130520,0.000000,0.084942,0.066576,0.000000,0.000000,0.000000,0.053845,0.664772,-0.107859,1.237145,-1.496797,-0.094510,0.638873,50.695129,-4.234135
1565621658.790593,5.099926,0,1.170408,0.115725,0.000000,0.080814,0.064026,0.000000,0.000000,0.000000,0.051622,0.670009,-0.111961,1.244213,-1.510953,-0.090425,0.637616,50.695129,-4.234136
1565621658.890615,5.199938,0,1.173615,0.101379,0.000000,0.076852,0.061518,0.000000,0.000000,0.000000,0.049488,0.675030,-0.115914,1.251189,-1.524369,-0.086507,0.636401,50.695129,-4.234138
1565621658.990617,5.299940,0,1.176569,0.087487,0.000000,0.073052,0.059055,0.000000,0.000000,0.000000,0.047438,0.679842,-0.119718,1.258056,-1.537083,-0.082750,0.635228,50.695133,-4.234139
1565621659.090620,5.399951,0,1.179285,0.074058,0.000000,0.069413,0.056645,0.000000,0.000000,0.000000,0.045470,0.684455,-0.123373,1.264799,-1.549128,-0.079146,0.634097,50.695133,-4.234140
1565621659.190562,5.499884,0,1.181780,0.061086,0.000000,0.065927,0.054288,0.000000,0.000000,0.000000,0.043580,0.688878,-0.126882,1.271410,-1.560543,-0.075689,0.633009,50.695133,-4.234142
1565621659.290642,5.599978,0,1.184063,0.048590,0.000000,0.062598,0.051993,0.000000,0.000000,0.000000,0.041767,0.693114,-0.130245,1.277871,-1.571346,-0.072377,0.631963,50.695137,-4.234143
1565621659.390625,5.699948,0,1.186153,0.036547,0.000000,0.059413,0.049757,0.000000,0.000000,0.000000,0.040026,0.697175,-0.133470,1.284184,-1.581585,-0.069200,0.630957,50.695137,-4.234144
1565621659.490633,5.799963,0,1.188059,0.024973,0.000000,0.056373,0.047585,0.000000,0.000000,0.000000,0.038358,0.701064,-0.136555,1.290333,-1.591274,-0.066157,0.629993,50.695137,-4.234146
1565621659.590633,5.899963,0,1.189796,0.013840,0.000000,0.053472,0.045479,0.000000,0.000000,0.000000,0.036756,0.704794,-0.139511,1.296325,-1.600458,-0.063238,0.629068,50.695141,-4.234147
1565621659.690617,5.999940,0,1.191373,0.003163,0.000000,0.050706,0.043439,0.000000,0.000000,0.000000,0.035221,0.708365,-0.142335,1.302144,-1.609148,-0.060442,0.628181,50.695141,-4.234149
1565621659.790626,6.099953,0,1.192803,-0.007082,0.000000,0.048067,0.041465,0.000000,0.000000,0.000000,0.033747,0.711789,-0.145037,1.307798,-1.617383,-0.057760,0.627331,50.695141,-4.234150
1565621659.890627,6.199960,0,1.194095,-0.016901,0.000000,0.045557,0.039561,0.000000,0.000000,0.000000,0.032336,0.715070,-0.147619,1.313283,-1.625182,-0.055190,0.626517,50.695141,-4.234152
1565621659.990606,6.299925,0,1.195258,-0.026297,0.000000,0.043165,0.037722,0.000000,0.000000,0.000000,0.030982,0.718213,-0.150086,1.318595,-1.632566,-0.052728,0.625738,50.695145,-4.234153
1565621660.090595,6.399930,0,1.196302,-0.035283,0.000000,0.040890,0.035952,0.000000,0.000000,0.000000,0.029683,0.721223,-0.152442,1.323735,-1.639557,-0.050369,0.624993,50.695145,-4.234155
1565621660.190599,6.499925,0,1.197236,-0.043879,0.000000,0.038727,0.034249,0.000000,0.000000,0.000000,0.028439,0.724109,-0.154694,1.328710,-1.646184,-0.048106,0.624279,50.695145,-4.234156
1565621660.290631,6.599961,0,1.198067,-0.052080,0.000000,0.036669,0.032610,0.000000,0.000000,0.000000,0.027246,0.726871,-0.156842,1.333513,-1.652454,-0.045941,0.623597,50.695148,-4.234158
1565621660.390620,6.699944,0,1.198804,-0.059915,0.000000,0.034715,0.031037,0.000000,0.000000,0.000000,0.026103,0.729519,-0.158895,1.338154,-1.658398,-0.043864,0.622945,50.695148,-4.234159
1565621660.490611,6.799932,0,1.199452,-0.067387,0.000000,0.032858,0.029527,0.000000,0.000000,0.000000,0.025008,0.732056,-0.160855,1.342631,-1.664026,-0.041875,0.622321,50.695148,-4.234160
1565621660.590618,6.899947,0,1.200020,-0.074508,0.000000,0.031096,0.028080,0.000000,0.000000,0.000000,0.023958,0.734485,-0.162726,1.346946,-1.669357,-0.039970,0.621724,50.695152,-4.234162
1565621660.690620,6.999952,0,1.200513,-0.081298,0.000000,0.029423,0.026694,0.000000,0.000000,0.000000,0.022952,0.736814,-0.164515,1.351109,-1.674411,-0.038143,0.621153,50.695152,-4.234164
1565621660.790567,7.099890,0,1.200937,-0.087764,0.000000,0.027834,0.025366,0.000000,0.000000,0.000000,0.021988,0.739045,-0.166223,1.355119,-1.679200,-0.036393,0.620607,50.695152,-4.234165
1565621660.890632,7.199964,0,1.201297,-0.093914,0.000000,0.026328,0.024097,0.000000,0.000000,0.000000,0.021064,0.741180,-0.167852,1.358975,-1.683733,-0.034717,0.620086,50.695152,-4.234167
1565621660.990581,7.299907,0,1.201600,-0.099767,0.000000,0.024900,0.022884,0.000000,0.000000,0.000000,0.020179,0.743227,-0.169410,1.362688,-1.688032,-0.033111,0.619587,50.695156,-4.234169
1565621661.090633,7.399963,0,1.201848,-0.105335,0.000000,0.023547,0.021726,0.000000,0.000000,0.000000,0.019331,0.745188,-0.170898,1.366261,-1.692107,-0.031572,0.619110,50.695156,-4.234170
1565621661.190603,7.499923,0,1.202048,-0.110626,0.000000,0.022265,0.020620,0.000000,0.000000,0.000000,0.018519,0.747066,-0.172320,1.369694,-1.695967,-0.030098,0.618653,50.695156,-4.234171
1565621661.290632,7.599964,0,1.202203,-0.115651,0.000000,0.021049,0.019565,0.000000,0.000000,0.000000,0.017740,0.748864,-0.173677,1.372993,-1.699625,-0.028687,0.618217,50.695160,-4.234173
1565621661.390613,7.699935,0,1.202317,-0.120427,0.000000,0.019898,0.018559,0.000000,0.000000,0.000000,0.016994,0.750588,-0.174976,1.376164,-1.703095,-0.027334,0.617800,50.695160,-4.234175
1565621661.490613,7.799937,0,1.202394,-0.124960,0.000000,0.018808,0.017601,0.000000,0.000000,0.000000,0.016280,0.752239,-0.176216,1.379209,-1.706384,-0.026038,0.617400,50.695160,-4.234176
1565621661.590584,7.899918,0,1.202436,-0.129263,0.000000,0.017776,0.016688,0.000000,0.000000,0.000000,0.015596,0.753821,-0.177402,1.382133,-1.709502,-0.024797,0.617018,50.695160,-4.234178
1565621661.690631,7.999960,0,1.202448,-0.133348,0.000000,0.016799,0.015818,0.000000,0.000000,0.000000,0.014940,0.755336,-0.178536,1.384941,-1.712459,-0.023607,0.616653,50.695164,-4.234179
1565621661.790662,8.099983,0,1.202432,-0.137223,0.000000,0.015875,0.014992,0.000000,0.000000,0.000000,0.014313,0.756788,-0.179620,1.387636,-1.715265,-0.022467,0.616303,50.695164,-4.234181
1565621661.890630,8.199960,0,1.202391,-0.140895,0.000000,0.015000,0.014205,0.000000,0.000000,0.000000,0.013711,0.758178,-0.180656,1.390219,-1.717924,-0.021376,0.615968,50.695164,-4.234183
1565621661.990604,8.299930,0,1.202328,-0.144379,0.000000,0.014173,0.013457,0.000000,0.000000,0.000000,0.013134,0.759511,-0.181648,1.392699,-1.720447,-0.020330,0.615648,50.695168,-4.234184
1565621662.090623,8.399948,0,1.202244,-0.147678,0.000000,0.013390,0.012747,0.000000,0.000000,0.000000,0.012582,0.760786,-0.182596,1.395076,-1.722839,-0.019328,0.615341,50.695168,-4.234186
1565621662.190623,8.499948,0,1.202142,-0.150807,0.000000,0.012650,0.012071,0.000000,0.000000,0.000000,0.012053,0.762008,-0.183503,1.397356,-1.725109,-0.018369,0.615047,50.695168,-4.234188
1565621662.290618,8.599942,0,1.202024,-0.153771,0.000000,0.011950,0.011430,0.000000,0.000000,0.000000,0.011547,0.763180,-0.184371,1.399542,-1.727263,-0.017449,0.614766,50.695171,-4.234189
1565621662.390583,8.699898,0,1.201891,-0.156579,0.000000,0.011288,0.010821,0.000000,0.000000,0.000000,0.011062,0.764301,-0.185202,1.401637,-1.729307,-0.016568,0.614497,50.695171,-4.234191
1565621662.490649,8.799998,0,1.201746,-0.159237,0.000000,0.010663,0.010244,0.000000,0.000000,0.000000,0.010597,0.765375,-0.185996,1.403645,-1.731246,-0.015725,0.614240,50.695171,-4.234192
1565621662.590657,8.899973,0,1.201590,-0.161755,0.000000,0.010071,0.009696,0.000000,0.000000,0.000000,0.010151,0.766405,-0.186757,1.405569,-1.733087,-0.014916,0.613993,50.695171,-4.234194
1565621662.690599,8.999938,0,1.201424,-0.164139,0.000000,0.009512,0.009176,0.000000,0.000000,0.000000,0.009725,0.767391,-0.187485,1.407413,-1.734835,-0.014142,0.613757,50.695175,-4.234196
1565621662.790612,9.099933,0,1.201251,-0.166396,0.000000,0.008984,0.008683,0.000000,0.000000,0.000000,0.009316,0.768336,-0.188182,1.409180,-1.736493,-0.013400,0.613531,50.695175,-4.234197
1565621662.890606,9.199926,0,1.201070,-0.168531,0.000000,0.008486,0.008216,0.000000,0.000000,0.000000,0.008925,0.769241,-0.188849,1.410872,-1.738068,-0.012689,0.613314,50.695175,-4.234199
1565621662.990601,9.299920,0,1.200883,-0.170553,0.000000,0.008014,0.007773,0.000000,0.000000,0.000000,0.008550,0.770108,-0.189488,1.412493,-1.739563,-0.012008,0.613106,50.695179,-4.234200
1565621663.090618,9.399949,0,1.200692,-0.172464,0.000000,0.007569,0.007353,0.000000,0.000000,0.000000,0.008191,0.770938,-0.190099,1.414045,-1.740982,-0.011356,0.612908,50.695179,-4.234202
1565621663.190607,9.499926,0,1.200496,-0.174276,0.000000,0.007148,0.006956,0.000000,0.000000,0.000000,0.007847,0.771735,-0.190686,1.415534,-1.742332,-0.010731,0.612717,50.695179,-4.234204
1565621663.290593,9.599927,0,1.200298,-0.175987,0.000000,0.006751,0.006579,0.000000,0.000000,0.000000,0.007517,0.772496,-0.191246,1.416957,-1.743611,-0.010133,0.612535,50.695183,-4.234206
1565621663.390610,9.699930,0,1.200097,-0.177606,0.000000,0.006376,0.006223,0.000000,0.000000,0.000000,0.007201,0.773227,-0.191783,1.418320,-1.744827,-0.009559,0.612360,50.695183,-4.234207
1565621663.490633,9.799964,0,1.199895,-0.179138,0.000000,0.006022,0.005885,0.000000,0.000000,0.000000,0.006899,0.773926,-0.192298,1.419625,-1.745982,-0.009010,0.612192,50.695183,-4.234209
1565621663.590621,9.899944,0,1.199692,-0.180587,0.000000,0.005687,0.005565,0.000000,0.000000,0.000000,0.006609,0.774596,-0.192790,1.420876,-1.747079,-0.008483,0.612032,50.695183,-4.234210
1565621663.690604,9.999923,0,1.199489,-0.181957,0.000000,0.005371,0.005263,0.000000,0.000000,0.000000,0.006332,0.775239,-0.193262,1.422073,-1.748122,-0.007979,0.611878,50.695187,-4.234212
1565621663.790601,10.099921,0,1.199286,-0.183253,0.000000,0.005073,0.004977,0.000000,0.000000,0.000000,0.006066,0.775854,-0.193714,1.423218,-1.749112,-0.007496,0.611731,50.695187,-4.234214
1565621663.890619,10.199950,0,1.199083,-0.184478,0.000000,0.004791,0.004706,0.000000,0.000000,0.000000,0.005811,0.776443,-0.194147,1.424315,-1.750054,-0.007033,0.611590,50.695187,-4.234215
1565621663.990585,10.299915,0,1.198882,-0.185637,0.000000,0.004525,0.004450,0.000000,0.000000,0.000000,0.005567,0.777007,-0.194562,1.425365,-1.750949,-0.006590,0.611454,50.695190,-4.234217
1565621664.090578,10.399903,0,1.198682,-0.186733,0.000000,0.004274,0.004207,0.000000,0.000000,0.000000,0.005333,0.777548,-0.194959,1.426370,-1.751799,-0.006165,0.611325,50.695190,-4.234219
1565621664.190650,10.499981,0,1.198485,-0.187768,0.000000,0.004037,0.003978,0.000000,0.000000,0.000000,0.005110,0.778066,-0.195340,1.427332,-1.752607,-0.005759,0.611201,50.695190,-4.234221
1565621664.290639,10.599970,0,1.198289,-0.188748,0.000000,0.003813,0.003761,0.000000,0.000000,0.000000,0.004895,0.778563,-0.195705,1.428254,-1.753376,-0.005368,0.611081,50.695194,-4.234222
1565621664.390630,10.699960,0,1.198096,-0.189674,0.000000,0.003602,0.003556,0.000000,0.000000,0.000000,0.004690,0.779038,-0.196054,1.429135,-1.754107,-0.004995,0.610967,50.695194,-4.234224
1565621664.490632,10.799953,0,1.197906,-0.190549,0.000000,0.003402,0.003362,0.000000,0.000000,0.000000,0.004493,0.779494,-0.196389,1.429978,-1.754801,-0.004637,0.610858,50.695194,-4.234226
1565621664.590637,10.899961,0,1.197718,-0.191377,0.000000,0.003214,0.003179,0.000000,0.000000,0.000000,0.004304,0.779930,-0.196709,1.430786,-1.755462,-0.004295,0.610753,50.695194,-4.234227
1565621664.690660,10.999990,0,1.197534,-0.192160,0.000000,0.003036,0.003006,0.000000,0.000000,0.000000,0.004124,0.780348,-0.197017,1.431559,-1.756090,-0.003966,0.610653,50.695198,-4.234229
1565621664.790618,11.099943,0,1.197353,-0.192900,0.000000,0.002869,0.002842,0.000000,0.000000,0.000000,0.003951,0.780749,-0.197311,1.432299,-1.756688,-0.003651,0.610557,50.695198,-4.234231
1565621664.890631,11.199963,0,1.197175,-0.193600,0.000000,0.002710,0.002687,0.000000,0.000000,0.000000,0.003785,0.781133,-0.197594,1.433008,-1.757257,-0.003350,0.610465,50.695198,-4.234232
1565621664.990646,11.299981,0,1.197001,-0.194261,0.000000,0.002561,0.002541,0.000000,0.000000,0.000000,0.003626,0.781500,-0.197864,1.433685,-1.757797,-0.003061,0.610376,50.695202,-4.234234
1565621665.090603,11.399927,0,1.196830,-0.194887,0.000000,0.002420,0.002403,0.000000,0.000000,0.000000,0.003474,0.781853,-0.198123,1.434334,-1.758312,-0.002785,0.610292,50.695202,-4.234236
1565621665.190627,11.499956,0,1.196664,-0.195478,0.000000,0.002286,0.002272,0.000000,0.000000,0.000000,0.003328,0.782190,-0.198371,1.434955,-1.758801,-0.002520,0.610211,50.695202,-4.234237
1565621665.290628,11.599947,0,1.196500,-0.196037,0.000000,0.002161,0.002148,0.000000,0.000000,0.000000,0.003189,0.782513,-0.198609,1.435549,-1.759267,-0.002266,0.610133,50.695202,-4.234239
1565621665.390653,11.699982,0,1.196341,-0.196566,0.000000,0.002042,0.002032,0.000000,0.000000,0.000000,0.003055,0.782823,-0.198837,1.436118,-1.759710,-0.002022,0.610058,50.695206,-4.234241
1565621665.490645,11.799991,0,1.196185,-0.197066,0.000000,0.001930,0.001921,0.000000,0.000000,0.000000,0.002927,0.783120,-0.199055,1.436662,-1.760132,-0.001789,0.609987,50.695206,-4.234242
1565621665.590594,11.899921,0,1.196033,-0.197539,0.000000,0.001824,0.001817,0.000000,0.000000,0.000000,0.002804,0.783404,-0.199264,1.437183,-1.760534,-0.001566,0.609918,50.695206,-4.234244
1565621665.690647,11.999979,0,1.195885,-0.197986,0.000000,0.001724,0.001718,0.000000,0.000000,0.000000,0.002687,0.783677,-0.199465,1.437682,-1.760916,-0.001352,0.609853,50.695210,-4.234246
1565621665.790600,12.099921,0,1.195741,-0.198409,0.000000,0.001630,0.001625,0.000000,0.000000,0.000000,0.002574,0.783938,-0.199657,1.438159,-1.761280,-0.001147,0.609790,50.695210,-4.234247
1565621665.890633,12.199963,0,1.195601,-0.198808,0.000000,0.001541,0.001537,0.000000,0.000000,0.000000,0.002466,0.784188,-0.199841,1.438616,-1.761626,-0.000951,0.609730,50.695210,-4.234249
1565621665.990634,12.299965,0,1.195464,-0.199187,0.000000,0.001457,0.001454,0.000000,0.000000,0.000000,0.002363,0.784428,-0.200018,1.439053,-1.761957,-0.000762,0.609672,50.695213,-4.234251
1565621666.090615,12.399938,0,1.195331,-0.199545,0.000000,0.001378,0.001375,0.000000,0.000000,0.000000,0.002264,0.784657,-0.200186,1.439472,-1.762271,-0.000582,0.609617,50.695213,-4.234252
1565621666.190623,12.499953,0,1.195202,-0.199883,0.000000,0.001303,0.001301,0.000000,0.000000,0.000000,0.002169,0.784877,-0.200348,1.439872,-1.762570,-0.000409,0.609564,50.695213,-4.234254
1565621666.290628,12.599955,0,1.195077,-0.200203,0.000000,0.001232,0.001231,0.000000,0.000000,0.000000,0.002078,0.785088,-0.200504,1.440256,-1.762855,-0.000244,0.609513,50.695213,-4.234256
1565621666.390567,12.699890,0,1.194955,-0.200506,0.000000,0.001165,0.001165,0.000000,0.000000,0.000000,0.001991,0.785290,-0.200652,1.440623,-1.763127,-0.000085,0.609464,50.695217,-4.234258
1565621666.490590,12.799927,0,1.194836,-0.200792,0.000000,0.001102,0.001102,0.000000,0.000000,0.000000,0.001907,0.785483,-0.200795,1.440974,-1.763385,0.000067,0.609417,50.695217,-4.234259
1565621666.590575,12.899898,0,1.194721,-0.201064,0.000000,0.001042,0.001043,0.000000,0.000000,0.000000,0.001828,0.785668,-0.200932,1.441311,-1.763632,0.000212,0.609372,50.695217,-4.234261
1565621666.690659,12.999990,0,1.194610,-0.201320,0.000000,0.000986,0.000987,0.000000,0.000000,0.000000,0.001751,0.785846,-0.201063,1.441632,-1.763866,0.000351,0.609330,50.695221,-4.234262
1565621666.790600,13.099936,0,1.194502,-0.201563,0.000000,0.000933,0.000934,0.000000,0.000000,0.000000,0.001678,0.786016,-0.201188,1.441940,-1.764090,0.000485,0.609289,50.695221,-4.234264
1565621666.890607,13.199927,0,1.194398,-0.201792,0.000000,0.000883,0.000884,0.000000,0.000000,0.000000,0.001607,0.786179,-0.201308,1.442235,-1.764303,0.000613,0.609249,50.695221,-4.234266
1565621666.990623,13.299954,0,1.194296,-0.202010,0.000000,0.000835,0.000837,0.000000,0.000000,0.000000,0.001540,0.786335,-0.201423,1.442517,-1.764507,0.000736,0.609212,50.695225,-4.234268
1565621667.090608,13.399927,0,1.194198,-0.202216,0.000000,0.000791,0.000792,0.000000,0.000000,0.000000,0.001476,0.786485,-0.201534,1.442788,-1.764700,0.000853,0.609175,50.695225,-4.234269
1565621667.190571,13.499900,0,1.194103,-0.202410,0.000000,0.000748,0.000750,0.000000,0.000000,0.000000,0.001414,0.786628,-0.201640,1.443046,-1.764885,0.000966,0.609141,50.695225,-4.234271
1565621667.290649,13.599988,0,1.194011,-0.202595,0.000000,0.000708,0.000710,0.000000,0.000000,0.000000,0.001354,0.786765,-0.201741,1.443294,-1.765061,0.001074,0.609107,50.695225,-4.234273
1565621667.390613,13.699943,0,1.193922,-0.202770,0.000000,0.000670,0.000672,0.000000,0.000000,0.000000,0.001298,0.786897,-0.201838,1.443531,-1.765229,0.001177,0.609076,50.695229,-4.234274
1565621667.490619,13.799943,0,1.193836,-0.202935,0.000000,0.000635,0.000637,0.000000,0.000000,0.000000,0.001243,0.787023,-0.201931,1.443758,-1.765389,0.001276,0.609045,50.695229,-4.234276
1565621667.590625,13.899955,0,1.193753,-0.203091,0.000000,0.000601,0.000603,0.000000,0.000000,0.000000,0.001191,0.787144,-0.202020,1.443975,-1.765541,0.001371,0.609016,50.695229,-4.234278
1565621667.690603,13.999922,0,1.193672,-0.203240,0.000000,0.000569,0.000571,0.000000,0.000000,0.000000,0.001141,0.787259,-0.202106,1.444183,-1.765687,0.001462,0.608988,50.695232,-4.234280
1565621667.790622,14.099953,0,1.193594,-0.203380,0.000000,0.000539,0.000541,0.000000,0.000000,0.000000,0.001094,0.787370,-0.202188,1.444382,-1.765826,0.001549,0.608961,50.695232,-4.234281
1565621667.890619,14.199949,0,1.193519,-0.203513,0.000000,0.000510,0.000513,0.000000,0.000000,0.000000,0.001048,0.787477,-0.202266,1.444573,-1.765958,0.001632,0.608935,50.695232,-4.234283
1565621667.990553,14.299870,0,1.193447,-0.203639,0.000000,0.000484,0.000486,0.000000,0.000000,0.000000,0.001004,0.787578,-0.202341,1.444756,-1.766084,0.001712,0.608911,50.695232,-4.234284
1565621668.090596,14.399932,0,1.193377,-0.203759,0.000000,0.000458,0.000460,0.000000,0.000000,0.000000,0.000962,0.787676,-0.202414,1.444930,-1.766204,0.001789,0.608887,50.695236,-4.234286
1565621668.190646,14.499977,0,1.193309,-0.203872,0.000000,0.000434,0.000436,0.000000,0.000000,0.000000,0.000922,0.787769,-0.202483,1.445097,-1.766319,0.001862,0.608864,50.695236,-4.234288
1565621668.290599,14.599933,0,1.193244,-0.203979,0.000000,0.000411,0.000413,0.000000,0.000000,0.000000,0.000883,0.787859,-0.202549,1.445258,-1.766429,0.001933,0.608843,50.695236,-4.234290
1565621668.390623,14.699946,0,1.193180,-0.204080,0.000000,0.000390,0.000392,0.000000,0.000000,0.000000,0.000846,0.787945,-0.202612,1.445411,-1.766534,0.002000,0.608822,50.695240,-4.234292
1565621668.490618,14.799942,0,1.193120,-0.204177,0.000000,0.000369,0.000371,0.000000,0.000000,0.000000,0.000811,0.788027,-0.202673,1.445558,-1.766633,0.002064,0.608802,50.695240,-4.234293
1565621668.590616,14.899938,0,1.193061,-0.204268,0.000000,0.000350,0.000352,0.000000,0.000000,0.000000,0.000777,0.788106,-0.202731,1.445698,-1.766729,0.002126,0.608783,50.695240,-4.234295
1565621668.690619,14.999949,0,1.193004,-0.204355,0.000000,0.000332,0.000334,0.000000,0.000000,0.000000,0.000744,0.788181,-0.202787,1.445833,-1.766819,0.002186,0.608765,50.695244,-4.234296
1565621668.790574,15.099899,0,1.192950,-0.204437,0.000000,0.000315,0.000316,0.000000,0.000000,0.000000,0.000713,0.788253,-0.202841,1.445962,-1.766906,0.002242,0.608747,50.695244,-4.234298
1565621668.890597,15.199931,0,1.192897,-0.204514,0.000000,0.000298,0.000300,0.000000,0.000000,0.000000,0.000683,0.788323,-0.202892,1.446085,-1.766989,0.002297,0.608730,50.695244,-4.234300
1565621668.990634,15.299960,0,1.192846,-0.204588,0.000000,0.000283,0.000285,0.000000,0.000000,0.000000,0.000655,0.788389,-0.202941,1.446203,-1.767068,0.002349,0.608714,50.695244,-4.234302
1565621669.090632,15.399962,0,1.192797,-0.204658,0.000000,0.000268,0.000270,0.000000,0.000000,0.000000,0.000627,0.788453,-0.202988,1.446316,-1.767143,0.002399,0.608699,50.695248,-4.234303
1565621669.190618,15.499941,0,1.192750,-0.204724,0.000000,0.000255,0.000256,0.000000,0.000000,0.000000,0.000601,0.788513,-0.203033,1.446425,-1.767215,0.002447,0.608684,50.695248,-4.234305
1565621669.290618,15.599948,0,1.192705,-0.204787,0.000000,0.000241,0.000243,0.000000,0.000000,0.000000,0.000576,0.788572,-0.203076,1.446528,-1.767284,0.002493,0.608670,50.695248,-4.234307
1565621669.390620,15.699951,0,1.192661,-0.204847,0.000000,0.000229,0.000231,0.000000,0.000000,0.000000,0.000552,0.788628,-0.203117,1.446628,-1.767350,0.002537,0.608656,50.695251,-4.234308
1565621669.490651,15.799971,0,1.192619,-0.204904,0.000000,0.000217,0.000219,0.000000,0.000000,0.000000,0.000529,0.788681,-0.203157,1.446723,-1.767412,0.002579,0.608643,50.695251,-4.234310
1565621669.590595,15.899921,0,1.192578,-0.204957,0.000000,0.000206,0.000208,0.000000,0.000000,0.000000,0.000506,0.788733,-0.203195,1.446814,-1.767472,0.002619,0.608631,50.695251,-4.234312
1565621669.690631,15.999962,0,1.192539,-0.205009,0.000000,0.000196,0.000197,0.000000,0.000000,0.000000,0.000485,0.788782,-0.203232,1.446901,-1.767529,0.002658,0.608619,50.695251,-4.234313
1565621669.790668,16.099992,0,1.192501,-0.205057,0.000000,0.000186,0.000187,0.000000,0.000000,0.000000,0.000465,0.788829,-0.203266,1.446985,-1.767584,0.002695,0.608607,50.695255,-4.234315
1565621669.890571,16.199900,0,1.192465,-0.205103,0.000000,0.000176,0.000178,0.000000,0.000000,0.000000,0.000446,0.788874,-0.203300,1.447064,-1.767636,0.002730,0.608596,50.695255,-4.234317
1565621669.990629,16.299959,0,1.192430,-0.205147,0.000000,0.000167,0.000169,0.000000,0.000000,0.000000,0.000427,0.788918,-0.203332,1.447141,-1.767686,0.002764,0.608586,50.695255,-4.234319
1565621670.090612,16.399934,0,1.192397,-0.205188,0.000000,0.000159,0.000160,0.000000,0.000000,0.000000,0.000409,0.788959,-0.203362,1.447214,-1.767734,0.002797,0.608576,50.695259,-4.234320
1565621670.190606,16.499926,0,1.192364,-0.205227,0.000000,0.000151,0.000152,0.000000,0.000000,0.000000,0.000392,0.788999,-0.203392,1.447285,-1.767779,0.002828,0.608566,50.695259,-4.234322
1565621670.290620,16.599949,0,1.192333,-0.205265,0.000000,0.000143,0.000144,0.000000,0.000000,0.000000,0.000375,0.789037,-0.203420,1.447352,-1.767822,0.002858,0.608557,50.695259,-4.234324
1565621670.390573,16.699898,0,1.192303,-0.205300,0.000000,0.000136,0.000137,0.000000,0.000000,0.000000,0.000360,0.789073,-0.203447,1.447416,-1.767864,0.002886,0.608548,50.695263,-4.234325
1565621670.490579,16.799910,0,1.192275,-0.205334,0.000000,0.000129,0.000130,0.000000,0.000000,0.000000,0.000345,0.789108,-0.203473,1.447478,-1.767904,0.002914,0.608540,50.695263,-4.234327
1565621670.590666,16.899989,0,1.192247,-0.205366,0.000000,0.000123,0.000124,0.000000,0.000000,0.000000,0.000330,0.789142,-0.203498,1.447537,-1.767941,0.002940,0.608531,50.695263,-4.234329
1565621670.690633,16.999963,0,1.192220,-0.205397,0.000000,0.000117,0.000118,0.000000,0.000000,0.000000,0.000317,0.789174,-0.203522,1.447594,-1.767978,0.002965,0.608524,50.695263,-4.234331
1565621670.790595,17.099928,0,1.192195,-0.205425,0.000000,0.000111,0.000112,0.000000,0.000000,0.000000,0.000303,0.789205,-0.203544,1.447648,-1.768012,0.002990,0.608516,50.695267,-4.234332
1565621670.890652,17.199981,0,1.192170,-0.205453,0.000000,0.000106,0.000106,0.000000,0.000000,0.000000,0.000291,0.789234,-0.203566,1.447700,-1.768045,0.003013,0.608509,50.695267,-4.234334
1565621670.990605,17.299934,0,1.192146,-0.205479,0.000000,0.000100,0.000101,0.000000,0.000000,0.000000,0.000278,0.789262,-0.203587,1.447749,-1.768077,0.003035,0.608502,50.695267,-4.234335
1565621671.090676,17.400010,0,1.192124,-0.205504,0.000000,0.000095,0.000096,0.000000,0.000000,0.000000,0.000267,0.789289,-0.203607,1.447797,-1.768107,0.003056,0.608496,50.695271,-4.234337
1565621671.190605,17.499927,0,1.192102,-0.205528,0.000000,0.000091,0.000091,0.000000,0.000000,0.000000,0.000256,0.789315,-0.203626,1.447842,-1.768136,0.003076,0.608489,50.695271,-4.234339
1565621671.290635,17.599966,0,1.192081,-0.205550,0.000000,0.000086,0.000087,0.000000,0.000000,0.000000,0.000245,0.789340,-0.203645,1.447886,-1.768164,0.003096,0.608483,50.695271,-4.234341
1565621671.390632,17.699955,0,1.192060,-0.205571,0.000000,0.000082,0.000083,0.000000,0.000000,0.000000,0.000235,0.789364,-0.203662,1.447928,-1.768190,0.003115,0.608477,50.695274,-4.234343
1565621671.490631,17.799948,0,1.192041,-0.205592,0.000000,0.000078,0.000079,0.000000,0.000000,0.000000,0.000225,0.789387,-0.203679,1.447968,-1.768215,0.003133,0.608472,50.695274,-4.234344
1565621671.590618,17.899948,0,1.192022,-0.205611,0.000000,0.000074,0.000075,0.000000,0.000000,0.000000,0.000215,0.789409,-0.203695,1.448006,-1.768239,0.003150,0.608467,50.695274,-4.234346
1565621671.690630,17.999949,0,1.192004,-0.205629,0.000000,0.000071,0.000071,0.000000,0.000000,0.000000,0.000206,0.789429,-0.203711,1.448043,-1.768262,0.003166,0.608461,50.695274,-4.234347
1565621671.790642,18.099974,0,1.191987,-0.205647,0.000000,0.000067,0.000068,0.000000,0.000000,0.000000,0.000198,0.789450,-0.203726,1.448078,-1.768284,0.003182,0.608457,50.695278,-4.234349
1565621671.890672,18.200006,0,1.191970,-0.205664,0.000000,0.000064,0.000064,0.000000,0.000000,0.000000,0.000190,0.789469,-0.203740,1.448112,-1.768305,0.003197,0.608452,50.695278,-4.234351
1565621671.990566,18.299888,0,1.191954,-0.205679,0.000000,0.000061,0.000061,0.000000,0.000000,0.000000,0.000182,0.789487,-0.203754,1.448144,-1.768325,0.003211,0.608447,50.695278,-4.234353
1565621672.090605,18.399943,0,1.191939,-0.205694,0.000000,0.000058,0.000058,0.000000,0.000000,0.000000,0.000174,0.789505,-0.203767,1.448175,-1.768345,0.003225,0.608443,50.695282,-4.234354
1565621672.190606,18.499934,0,1.191924,-0.205709,0.000000,0.000055,0.000055,0.000000,0.000000,0.000000,0.000167,0.789522,-0.203779,1.448205,-1.768363,0.003239,0.608439,50.695282,-4.234356
1565621672.290656,18.599988,0,1.191910,-0.205722,0.000000,0.000052,0.000053,0.000000,0.000000,0.000000,0.000160,0.789538,-0.203791,1.448233,-1.768381,0.003251,0.608435,50.695282,-4.234358
1565621672.390630,18.699949,0,1.191897,-0.205735,0.000000,0.000050,0.000050,0.000000,0.000000,0.000000,0.000153,0.789553,-0.203803,1.448260,-1.768398,0.003263,0.608431,50.695282,-4.234359
1565621672.490626,18.799945,0,1.191884,-0.205748,0.000000,0.000047,0.000048,0.000000,0.000000,0.000000,0.000147,0.789568,-0.203814,1.448286,-1.768414,0.003275,0.608428,50.695286,-4.234361
1565621672.590668,18.900000,0,1.191871,-0.205760,0.000000,0.000045,0.000046,0.000000,0.000000,0.000000,0.000141,0.789582,-0.203825,1.448311,-1.768429,0.003286,0.608424,50.695286,-4.234363
1565621672.690663,18.999994,0,1.191859,-0.205771,0.000000,0.000043,0.000043,0.000000,0.000000,0.000000,0.000135,0.789596,-0.203835,1.448335,-1.768444,0.003297,0.608421,50.695286,-4.234365
1565621672.790591,19.099930,0,1.191848,-0.205781,0.000000,0.000041,0.000041,0.000000,0.000000,0.000000,0.000129,0.789609,-0.203844,1.448358,-1.768458,0.003307,0.608418,50.695290,-4.234366
1565621672.890607,19.199940,0,1.191836,-0.205792,0.000000,0.000039,0.000039,0.000000,0.000000,0.000000,0.000124,0.789622,-0.203853,1.448380,-1.768471,0.003317,0.608415,50.695290,-4.234368
1565621672.990656,19.299988,0,1.191826,-0.205801,0.000000,0.000037,0.000038,0.000000,0.000000,0.000000,0.000118,0.789634,-0.203862,1.448401,-1.768484,0.003327,0.608412,50.695290,-4.234370
1565621673.090585,19.399933,0,1.191816,-0.205811,0.000000,0.000035,0.000036,0.000000,0.000000,0.000000,0.000114,0.789645,-0.203871,1.448421,-1.768497,0.003336,0.608409,50.695293,-4.234371
1565621673.190594,19.499928,0,1.191806,-0.205819,0.000000,0.000034,0.000034,0.000000,0.000000,0.000000,0.000109,0.789656,-0.203879,1.448440,-1.768508,0.003344,0.608406,50.695293,-4.234373
1565621673.290667,19.600000,0,1.191796,-0.205828,0.000000,0.000032,0.000032,0.000000,0.000000,0.000000,0.000104,0.789667,-0.203887,1.448459,-1.768520,0.003353,0.608404,50.695293,-4.234375
1565621673.390654,19.699975,0,1.191787,-0.205836,0.000000,0.000031,0.000031,0.000000,0.000000,0.000000,0.000100,0.789677,-0.203894,1.448477,-1.768530,0.003361,0.608401,50.695293,-4.234376
1565621673.490670,19.800004,0,1.191779,-0.205843,0.000000,0.000029,0.000030,0.000000,0.000000,0.000000,0.000096,0.789687,-0.203902,1.448494,-1.768541,0.003368,0.608399,50.695297,-4.234378
1565621673.590610,19.899934,0,1.191770,-0.205851,0.000000,0.000028,0.000028,0.000000,0.000000,0.000000,0.000092,0.789696,-0.203909,1.448510,-1.768551,0.003375,0.608397,50.695297,-4.234380
1565621673.690643,19.999970,0,1.191762,-0.205857,0.000000,0.000027,0.000027,0.000000,0.000000,0.000000,0.000088,0.789705,-0.203915,1.448525,-1.768560,0.003383,0.608395,50.695297,-4.234382
1565621673.790647,20.099980,0,1.191755,-0.205864,0.000000,0.000025,0.000026,0.000000,0.000000,0.000000,0.000084,0.789714,-0.203921,1.448540,-1.768569,0.003389,0.608392,50.695301,-4.234383
1565621673.890608,20.199940,0,1.191747,-0.205870,0.000000,0.000024,0.000024,0.000000,0.000000,0.000000,0.000081,0.789722,-0.203928,1.448554,-1.768578,0.003396,0.608390,50.695301,-4.234385
1565621673.990639,20.299963,0,1.191740,-0.205876,0.000000,0.000023,0.000023,0.000000,0.000000,0.000000,0.000077,0.789729,-0.203933,1.448568,-1.768586,0.003402,0.608388,50.695301,-4.234386
1565621674.090637,20.399961,0,1.191733,-0.205882,0.000000,0.000022,0.000022,0.000000,0.000000,0.000000,0.000074,0.789737,-0.203939,1.448581,-1.768594,0.003408,0.608387,50.695301,-4.234388
1565621674.190679,20.500012,0,1.191727,-0.205888,0.000000,0.000021,0.000021,0.000000,0.000000,0.000000,0.000071,0.789744,-0.203944,1.448594,-1.768602,0.003413,0.608385,50.695305,-4.234390
1565621674.290728,20.600077,0,1.191721,-0.205893,0.000000,0.000020,0.000020,0.000000,0.000000,0.000000,0.000068,0.789751,-0.203949,1.448606,-1.768609,0.003419,0.608383,50.695305,-4.234392
1565621674.390598,20.699933,0,1.191715,-0.205898,0.000000,0.000019,0.000019,0.000000,0.000000,0.000000,0.000065,0.789758,-0.203954,1.448617,-1.768616,0.003424,0.608382,50.695305,-4.234394
1565621674.490613,20.799951,0,1.191709,-0.205902,0.000000,0.000018,0.000018,0.000000,0.000000,0.000000,0.000062,0.789764,-0.203959,1.448628,-1.768623,0.003429,0.608380,50.695309,-4.234395
1565621674.590614,20.899939,0,1.191703,-0.205907,0.000000,0.000017,0.000017,0.000000,0.000000,0.000000,0.000060,0.789770,-0.203963,1.448639,-1.768629,0.003434,0.608379,50.695309,-4.234397
1565621674.690607,20.999932,0,1.191698,-0.205911,0.000000,0.000017,0.000017,0.000000,0.000000,0.000000,0.000057,0.789776,-0.203968,1.448649,-1.768635,0.003438,0.608377,50.695309,-4.234398
1565621674.790582,21.099909,0,1.191693,-0.205915,0.000000,0.000016,0.000016,0.000000,0.000000,0.000000,0.000055,0.789781,-0.203972,1.448659,-1.768641,0.003443,0.608376,50.695312,-4.234400
1565621674.890622,21.199953,0,1.191688,-0.205919,0.000000,0.000015,0.000015,0.000000,0.000000,0.000000,0.000053,0.789787,-0.203976,1.448668,-1.768646,0.003447,0.608375,50.695312,-4.234402
1565621674.990637,21.299966,0,1.191683,-0.205923,0.000000,0.000014,0.000015,0.000000,0.000000,0.000000,0.000050,0.789792,-0.203980,1.448677,-1.768652,0.003451,0.608373,50.695312,-4.234404
1565621675.090621,21.399951,0,1.191679,-0.205927,0.000000,0.000014,0.000014,0.000000,0.000000,0.000000,0.000048,0.789797,-0.203983,1.448685,-1.768657,0.003455,0.608372,50.695312,-4.234406
1565621675.190625,21.499955,0,1.191674,-0.205930,0.000000,0.000013,0.000013,0.000000,0.000000,0.000000,0.000046,0.789801,-0.203987,1.448693,-1.768662,0.003458,0.608371,50.695316,-4.234407
1565621675.290596,21.599930,0,1.191670,-0.205933,0.000000,0.000012,0.000013,0.000000,0.000000,0.000000,0.000044,0.789806,-0.203990,1.448701,-1.768667,0.003462,0.608370,50.695316,-4.234409
1565621675.390611,21.699932,0,1.191666,-0.205936,0.000000,0.000012,0.000012,0.000000,0.000000,0.000000,0.000043,0.789810,-0.203993,1.448709,-1.768671,0.003465,0.608369,50.695316,-4.234410
1565621675.490629,21.799960,0,1.191663,-0.205939,0.000000,0.000011,0.000012,0.000000,0.000000,0.000000,0.000041,0.789814,-0.203996,1.448716,-1.768675,0.003468,0.608368,50.695320,-4.234412
1565621675.590591,21.899924,0,1.191659,-0.205942,0.000000,0.000011,0.000011,0.000000,0.000000,0.000000,0.000039,0.789818,-0.203999,1.448723,-1.768679,0.003472,0.608367,50.695320,-4.234414
1565621675.690597,21.999919,0,1.191655,-0.205945,0.000000,0.000010,0.000010,0.000000,0.000000,0.000000,0.000037,0.789822,-0.204002,1.448729,-1.768683,0.003475,0.608366,50.695320,-4.234416
1565621675.790665,22.099995,0,1.191652,-0.205947,0.000000,0.000010,0.000010,0.000000,0.000000,0.000000,0.000036,0.789826,-0.204005,1.448736,-1.768687,0.003477,0.608365,50.695324,-4.234417
1565621675.890616,22.199939,0,1.191649,-0.205950,0.000000,0.000009,0.000010,0.000000,0.000000,0.000000,0.000034,0.789829,-0.204007,1.448742,-1.768691,0.003480,0.608364,50.695324,-4.234419
1565621675.990601,22.299920,0,1.191646,-0.205952,0.000000,0.000009,0.000009,0.000000,0.000000,0.000000,0.000033,0.789833,-0.204010,1.448748,-1.768694,0.003483,0.608363,50.695324,-4.234421
1565621676.090594,22.399932,0,1.191643,-0.205954,0.000000,0.000009,0.000009,0.000000,0.000000,0.000000,0.000032,0.789836,-0.204012,1.448753,-1.768698,0.003485,0.608363,50.695324,-4.234422
1565621676.190612,22.499948,0,1.191640,-0.205957,0.000000,0.000008,0.000008,0.000000,0.000000,0.000000,0.000030,0.789839,-0.204014,1.448758,-1.768701,0.003488,0.608362,50.695328,-4.234424
1565621676.290584,22.599914,0,1.191637,-0.205959,0.000000,0.000008,0.000008,0.000000,0.000000,0.000000,0.000029,0.789842,-0.204017,1.448763,-1.768704,0.003490,0.608361,50.695328,-4.234426
1565621676.390631,22.699962,0,1.191635,-0.205961,0.000000,0.000008,0.000008,0.000000,0.000000,0.000000,0.000028,0.789845,-0.204019,1.448768,-1.768707,0.003492,0.608360,50.695328,-4.234427
1565621676.490606,22.799926,0,1.191632,-0.205962,0.000000,0.000007,0.000007,0.000000,0.000000,0.000000,0.000027,0.789847,-0.204021,1.448773,-1.768709,0.003494,0.608360,50.695332,-4.234429
1565621676.590620,22.899951,0,1.191630,-0.205964,0.000000,0.000007,0.000007,0.000000,0.000000,0.000000,0.000025,0.789850,-0.204023,1.448778,-1.768712,0.003496,0.608359,50.695332,-4.234431
1565621676.690566,22.999889,0,1.191627,-0.205966,0.000000,0.000007,0.000007,0.000000,0.000000,0.000000,0.000024,0.789852,-0.204024,1.448782,-1.768715,0.003498,0.608359,50.695332,-4.234433
1565621676.790564,23.099889,0,1.191625,-0.205968,0.000000,0.000006,0.000006,0.000000,0.000000,0.000000,0.000023,0.789855,-0.204026,1.448786,-1.768717,0.003500,0.608358,50.695332,-4.234434
1565621676.890595,23.199941,0,1.191623,-0.205969,0.000000,0.000006,0.000006,0.000000,0.000000,0.000000,0.000022,0.789857,-0.204028,1.448790,-1.768719,0.003502,0.608357,50.695335,-4.234436
1565621676.990677,23.300015,0,1.191621,-0.205971,0.000000,0.000006,0.000006,0.000000,0.000000,0.000000,0.000021,0.789859,-0.204029,1.448794,-1.768721,0.003504,0.608357,50.695335,-4.234437
1565621677.090580,23.399907,0,1.191619,-0.205972,0.000000,0.000005,0.000006,0.000000,0.000000,0.000000,0.000021,0.789861,-0.204031,1.448797,-1.768724,0.003505,0.608356,50.695335,-4.234439
1565621677.190593,23.499927,0,1.191617,-0.205973,0.000000,0.000005,0.000005,0.000000,0.000000,0.000000,0.000020,0.789863,-0.204032,1.448801,-1.768726,0.003507,0.608356,50.695339,-4.234441
1565621677.290614,23.599936,0,1.191615,-0.205975,0.000000,0.000005,0.000005,0.000000,0.000000,0.000000,0.000019,0.789865,-0.204034,1.448804,-1.768728,0.003508,0.608356,50.695339,-4.234443
1565621677.390619,23.699950,0,1.191614,-0.205976,0.000000,0.000005,0.000005,0.000000,0.000000,0.000000,0.000018,0.789867,-0.204035,1.448807,-1.768730,0.003510,0.608355,50.695339,-4.234445
1565621677.490615,23.799939,0,1.191612,-0.205977,0.000000,0.000005,0.000005,0.000000,0.000000,0.000000,0.000017,0.789869,-0.204037,1.448810,-1.768731,0.003511,0.608355,50.695343,-4.234446
1565621677.590584,23.899913,0,1.191610,-0.205978,0.000000,0.000004,0.000004,0.000000,0.000000,0.000000,0.000017,0.789870,-0.204038,1.448813,-1.768733,0.003512,0.608354,50.695343,-4.234448
1565621677.690645,23.999980,0,1.191609,-0.205979,0.000000,0.000004,0.000004,0.000000,0.000000,0.000000,0.000016,0.789872,-0.204039,1.448816,-1.768735,0.003514,0.608354,50.695343,-4.234449
1565621677.790676,24.100014,0,1.191607,-0.205980,0.000000,0.000004,0.000004,0.000000,0.000000,0.000000,0.000015,0.789874,-0.204040,1.448819,-1.768736,0.003515,0.608354,50.695343,-4.234451
1565621677.890637,24.199967,0,1.191606,-0.205981,0.000000,0.000004,0.000004,0.000000,0.000000,0.000000,0.000015,0.789875,-0.204041,1.448821,-1.768738,0.003516,0.608353,50.695347,-4.234453
1565621677.990615,24.299939,0,1.191605,-0.205982,0.000000,0.000004,0.000004,0.000000,0.000000,0.000000,0.000014,0.789877,-0.204042,1.448824,-1.768739,0.003517,0.608353,50.695347,-4.234455
1565621678.090616,24.399939,0,1.191603,-0.205983,0.000000,0.000003,0.000004,0.000000,0.000000,0.000000,0.000013,0.789878,-0.204043,1.448826,-1.768741,0.003518,0.608352,50.695347,-4.234457
1565621678.190616,24.499940,0,1.191602,-0.205984,0.000000,0.000003,0.000003,0.000000,0.000000,0.000000,0.000013,0.789879,-0.204044,1.448828,-1.768742,0.003519,0.608352,50.695351,-4.234458
1565621678.290612,24.599935,0,1.191601,-0.205985,0.000000,0.000003,0.000003,0.000000,0.000000,0.000000,0.000012,0.789880,-0.204045,1.448830,-1.768743,0.003520,0.608352,50.695351,-4.234460
1565621678.390562,24.699886,0,1.191600,-0.205986,0.000000,0.000003,0.000003,0.000000,0.000000,0.000000,0.000012,0.789882,-0.204046,1.448833,-1.768744,0.003521,0.608351,50.695351,-4.234461
1565621678.490636,24.799972,0,1.191599,-0.205986,0.000000,0.000003,0.000003,0.000000,0.000000,0.000000,0.000011,0.789883,-0.204047,1.448834,-1.768746,0.003522,0.608351,50.695351,-4.234463
1565621678.590614,24.899950,0,1.191598,-0.205987,0.000000,0.000003,0.000003,0.000000,0.000000,0.000000,0.000011,0.789884,-0.204048,1.448836,-1.768747,0.003523,0.608351,50.695354,-4.234465
1565621678.690602,24.999936,0,1.191597,-0.205988,0.000000,0.000003,0.000003,0.000000,0.000000,0.000000,0.000010,0.789885,-0.204049,1.448838,-1.768748,0.003524,0.608351,50.695354,-4.234467
1565621678.790620,25.099943,0,1.191596,-0.205989,0.000000,0.000003,0.000003,0.000000,0.000000,0.000000,0.000010,0.789886,-0.204049,1.448840,-1.768749,0.003525,0.608350,50.695354,-4.234468
1565621678.890614,25.199937,0,1.191595,-0.205989,0.000000,0.000002,0.000002,0.000000,0.000000,0.000000,0.000010,0.789887,-0.204050,1.448842,-1.768750,0.003525,0.608350,50.695358,-4.234470
1565621678.990625,25.299953,0,1.191594,-0.205990,0.000000,0.000002,0.000002,0.000000,0.000000,0.000000,0.000009,0.789888,-0.204051,1.448843,-1.768751,0.003526,0.608350,50.695358,-4.234472
1565621679.090621,25.399951,0,1.191593,-0.205990,0.000000,0.000002,0.000002,0.000000,0.000000,0.000000,0.000009,0.789889,-0.204051,1.448845,-1.768752,0.003527,0.608350,50.695358,-4.234473
1565621679.190590,25.499923,0,1.191592,-0.205991,0.000000,0.000002,0.000002,0.000000,0.000000,0.000000,0.000008,0.789890,-0.204052,1.448846,-1.768753,0.003528,0.608350,50.695362,-4.234475
1565621679.290600,25.599930,0,1.191592,-0.205991,0.000000,0.000002,0.000002,0.000000,0.000000,0.000000,0.000008,0.789890,-0.204053,1.448848,-1.768753,0.003528,0.608349,50.695362,-4.234477
1565621679.390677,25.700013,0,1.191591,-0.205992,0.000000,0.000002,0.000002,0.000000,0.000000,0.000000,0.000008,0.789891,-0.204053,1.448849,-1.768754,0.003529,0.608349,50.695362,-4.234478
1565621679.490623,25.799948,0,1.191590,-0.205992,0.000000,0.000002,0.000002,0.000000,0.000000,0.000000,0.000007,0.789892,-0.204054,1.448850,-1.768755,0.003529,0.608349,50.695362,-4.234480
1565621679.590597,25.899932,0,1.191589,-0.205993,0.000000,0.000002,0.000002,0.000000,0.000000,0.000000,0.000007,0.789893,-0.204054,1.448852,-1.768756,0.003530,0.608349,50.695366,-4.234482
1565621679.690615,25.999938,0,1.191589,-0.205993,0.000000,0.000002,0.000002,0.000000,0.000000,0.000000,0.000007,0.789893,-0.204055,1.448853,-1.768756,0.003530,0.608349,50.695366,-4.234484
1565621679.790618,26.099948,0,1.191588,-0.205994,0.000000,0.000002,0.000002,0.000000,0.000000,0.000000,0.000006,0.789894,-0.204055,1.448854,-1.768757,0.003531,0.608349,50.695366,-4.234485
1565621679.890615,26.199934,0,1.191588,-0.205994,0.000000,0.000002,0.000002,0.000000,0.000000,0.000000,0.000006,0.789895,-0.204056,1.448855,-1.768758,0.003531,0.608348,50.695370,-4.234487
1565621679.990611,26.299933,0,1.191587,-0.205995,0.000000,0.000002,0.000002,0.000000,0.000000,0.000000,0.000006,0.789895,-0.204056,1.448856,-1.768758,0.003532,0.608348,50.695370,-4.234488
1565621680.090595,26.399931,0,1.191586,-0.205995,0.000000,0.000001,0.000001,0.000000,0.000000,0.000000,0.000006,0.789896,-0.204057,1.448857,-1.768759,0.003532,0.608348,50.695370,-4.234490
1565621680.190601,26.499934,0,1.191586,-0.205995,0.000000,0.000001,0.000001,0.000000,0.000000,0.000000,0.000005,0.789896,-0.204057,1.448858,-1.768759,0.003533,0.608348,50.695374,-4.234492
1565621680.290631,26.599977,0,1.191585,-0.205996,0.000000,0.000001,0.000001,0.000000,0.000000,0.000000,0.000005,0.789897,-0.204058,1.448859,-1.768760,0.003533,0.608348,50.695374,-4.234494
1565621680.390581,26.699909,0,1.191585,-0.205996,0.000000,0.000001,0.000001,0.000000,0.000000,0.000000,0.000005,0.789897,-0.204058,1.448860,-1.768760,0.003534,0.608348,50.695374,-4.234496
1565621680.490603,26.799932,0,1.191584,-0.205996,0.000000,0.000001,0.000001,0.000000,0.000000,0.000000,0.000005,0.789898,-0.204058,1.448861,-1.768761,0.003534,0.608348,50.695374,-4.234497
1565621680.590621,26.899951,0,1.191584,-0.205997,0.000000,0.000001,0.000001,0.000000,0.000000,0.000000,0.000005,0.789898,-0.204058,1.448861,-1.768761,0.003534,0.608347,50.695377,-4.234499
1565621680.690677,27.000027,0,1.191584,-0.205997,0.000000,0.000001,0.000001,0.000000,0.000000,0.000000,0.000004,0.789899,-0.204059,1.448862,-1.768762,0.003535,0.608347,50.695377,-4.234500
1565621680.790584,27.099932,0,1.191583,-0.205997,0.000000,0.000001,0.000001,0.000000,0.000000,0.000000,0.000004,0.789899,-0.204059,1.448863,-1.768762,0.003535,0.608347,50.695377,-4.234502
1565621680.890640,27.199966,0,1.191583,-0.205997,0.000000,0.000001,0.000001,0.000000,0.000000,0.000000,0.000004,0.789900,-0.204059,1.448864,-1.768763,0.003535,0.608347,50.695381,-4.234504
1565621680.990620,27.299957,0,1.191582,-0.205998,0.000000,0.000001,0.000001,0.000000,0.000000,0.000000,0.000004,0.789900,-0.204060,1.448864,-1.768763,0.003536,0.608347,50.695381,-4.234506
1565621681.090686,27.400019,0,1.191582,-0.205998,0.000000,0.000001,0.000001,0.000000,0.000000,0.000000,0.000004,0.789900,-0.204060,1.448865,-1.768764,0.003536,0.608347,50.695381,-4.234508
1565621681.190635,27.499959,0,1.191582,-0.205998,0.000000,0.000001,0.000001,0.000000,0.000000,0.000000,0.000004,0.789901,-0.204060,1.448866,-1.768764,0.003536,0.608347,50.695381,-4.234509
1565621681.290618,27.599943,0,1.191581,-0.205998,0.000000,0.000001,0.000001,0.000000,0.000000,0.000000,0.000003,0.789901,-0.204061,1.448866,-1.768764,0.003537,0.608347,50.695385,-4.234511
1565621681.390628,27.699960,0,1.191581,-0.205999,0.000000,0.000001,0.000001,0.000000,0.000000,0.000000,0.000003,0.789901,-0.204061,1.448867,-1.768765,0.003537,0.608347,50.695385,-4.234512
1565621681.490621,27.799951,0,1.191581,-0.205999,0.000000,0.000001,0.000001,0.000000,0.000000,0.000000,0.000003,0.789902,-0.204061,1.448867,-1.768765,0.003537,0.608347,50.695385,-4.234514
1565621681.590567,27.899889,0,1.191580,-0.205999,0.000000,0.000001,0.000001,0.000000,0.000000,0.000000,0.000003,0.789902,-0.204061,1.448868,-1.768765,0.003537,0.608347,50.695389,-4.234516
1565621681.690628,27.999957,0,1.191580,-0.205999,0.000000,0.000001,0.000001,0.000000,0.000000,0.000000,0.000003,0.789902,-0.204061,1.448868,-1.768765,0.003538,0.608346,50.695389,-4.234518
1565621681.790614,28.099934,0,1.191580,-0.205999,0.000000,0.000001,0.000001,0.000000,0.000000,0.000000,0.000003,0.789903,-0.204062,1.448869,-1.768766,0.003538,0.608346,50.695389,-4.234519
1565621681.890618,28.199945,0,1.191580,-0.205999,0.000000,0.000001,0.000001,0.000000,0.000000,0.000000,0.000003,0.789903,-0.204062,1.448869,-1.768766,0.003538,0.608346,50.695393,-4.234521
1565621681.990628,28.299958,0,1.191579,-0.206000,0.000000,0.000001,0.000001,0.000000,0.000000,0.000000,0.000003,0.789903,-0.204062,1.448870,-1.768766,0.003538,0.608346,50.695393,-4.234523
1565621682.090615,28.399937,0,1.191579,-0.206000,0.000000,0.000001,0.000001,0.000000,0.000000,0.000000,0.000002,0.789903,-0.204062,1.448870,-1.768767,0.003538,0.608346,50.695393,-4.234524
1565621682.190608,28.499927,0,1.191579,-0.206000,0.000000,0.000001,0.000001,0.000000,0.000000,0.000000,0.000002,0.789904,-0.204062,1.448871,-1.768767,0.003539,0.608346,50.695393,-4.234526
1565621682.290617,28.599947,0,1.191579,-0.206000,0.000000,0.000001,0.000001,0.000000,0.000000,0.000000,0.000002,0.789904,-0.204063,1.448871,-1.768767,0.003539,0.608346,50.695396,-4.234528
1565621682.390563,28.699886,0,1.191579,-0.206000,0.000000,0.000001,0.000001,0.000000,0.000000,0.000000,0.000002,0.789904,-0.204063,1.448871,-1.768767,0.003539,0.608346,50.695396,-4.234529
1565621682.490653,28.799988,0,1.191578,-0.206000,0.000000,0.000000,0.000000,0.000000,0.000000,0.000000,0.000002,0.789904,-0.204063,1.448872,-1.768767,0.003539,0.608346,50.695396,-4.234531
1565621682.590626,28.899949,0,1.191578,-0.206000,0.000000,0.000000,0.000000,0.000000,0.000000,0.000000,0.000002,0.789905,-0.204063,1.448872,-1.768768,0.003539,0.608346,50.695400,-4.234533
1565621682.690636,28.999966,0,1.191578,-0.206001,0.000000,0.000000,0.000000,0.000000,0.000000,0.000000,0.000002,0.789905,-0.204063,1.448872,-1.768768,0.003539,0.608346,50.695400,-4.234535
1565621682.790619,29.099942,0,1.191578,-0.206001,0.000000,0.000000,0.000000,0.000000,0.000000,0.000000,0.000002,0.789905,-0.204063,1.448873,-1.768768,0.003540,0.608346,50.695400,-4.234536
1565621682.890627,29.199955,0,1.191578,-0.206001,0.000000,0.000000,0.000000,0.000000,0.000000,0.000000,0.000002,0.789905,-0.204063,1.448873,-1.768768,0.003540,0.608346,50.695400,-4.234538
1565621682.990623,29.299954,0,1.191577,-0.206001,0.000000,0.000000,0.000000,0.000000,0.000000,0.000000,0.000002,0.789905,-0.204064,1.448873,-1.768768,0.003540,0.608346,50.695404,-4.234540
1565621683.090633,29.399952,0,1.191577,-0.206001,0.000000,0.000000,0.000000,0.000000,0.000000,0.000000,0.000002,0.789905,-0.204064,1.448874,-1.768769,0.003540,0.608346,50.695404,-4.234541
1565621683.190615,29.499938,0,1.191577,-0.206001,0.000000,0.000000,0.000000,0.000000,0.000000,0.000000,0.000002,0.789906,-0.204064,1.448874,-1.768769,0.003540,0.608346,50.695404,-4.234543
1565621683.290617,29.599952,0,1.191577,-0.206001,0.000000,0.000000,0.000000,0.000000,0.000000,0.000000,0.000001,0.789906,-0.204064,1.448874,-1.768769,0.003540,0.608346,50.695408,-4.234545
1565621683.390627,29.699959,0,1.191577,-0.206001,0.000000,0.000000,0.000000,0.000000,0.000000,0.000000,0.000001,0.789906,-0.204064,1.448874,-1.768769,0.003540,0.608346,50.695408,-4.234547
1565621683.490622,29.799944,0,1.191577,-0.206001,0.000000,0.000000,0.000000,0.000000,0.000000,0.000000,0.000001,0.789906,-0.204064,1.448875,-1.768769,0.003540,0.608346,50.695408,-4.234548
1565621683.590614,29.899936,0,1.191577,-0.206001,0.000000,0.000000,0.000000,0.000000,0.000000,0.000000,0.000001,0.789906,-0.204064,1.448875,-1.768769,0.003540,0.608346,50.695412,-4.234550
1565621683.690618,29.999941,0,1.191577,-0.206002,0.000000,0.000000,0.000000,0.000000,0.000000,0.000000,0.000001,0.789906,-0.204064,1.448875,-1.768769,0.003541,0.608346,50.695412,-4.234552
1565621683.790620,0.000023,1,1.191576,-0.206002,0.000000,0.000000,0.000000,0.000000,0.000000,0.000000,0.000001,0.789906,-0.204064,1.448875,-1.768770,0.003541,0.608346,50.695412,-4.234553
1565621683.890603,0.099995,1,1.191576,-0.206002,0.000000,0.000000,0.000000,0.000000,0.000000,0.000000,0.000001,0.789906,-0.204064,1.448875,-1.768770,-0.004313,1.210106,50.695412,-4.234555
1565621683.990580,0.199982,1,1.191576,-0.206002,0.000000,0.000000,0.000000,0.000000,0.000000,0.000000,0.000001,0.789907,-0.204065,1.448876,-1.768770,-0.004313,1.210106,50.695415,-4.234557
1565621684.090599,0.300006,1,1.175461,-0.165907,0.000000,-0.151145,-0.152585,0.000000,0.000000,0.000000,0.003470,0.790139,-0.203921,1.444999,-1.753679,-0.004131,1.210200,50.695415,-4.234559
1565621684.190619,0.400015,1,1.160718,-0.130486,0.000000,-0.136407,-0.137809,0.000000,0.000000,0.000000,0.003864,0.790513,-0.203364,1.442050,-1.740115,-0.003837,1.210568,50.695415,-4.234560
1565621684.290619,0.500018,1,1.147367,-0.099190,0.000000,-0.123226,-0.124590,0.000000,0.000000,0.000000,0.003929,0.790902,-0.202460,1.439700,-1.727875,-0.003531,1.211166,50.695419,-4.234562
1565621684.390625,0.600028,1,1.135233,-0.071381,0.000000,-0.111531,-0.112854,0.000000,0.000000,0.000000,0.003912,0.791292,-0.201313,1.437818,-1.716782,-0.003225,1.211922,50.695419,-4.234563
1565621684.490619,0.700038,1,1.124202,-0.046627,0.000000,-0.101134,-0.102413,0.000000,0.000000,0.000000,0.003873,0.791680,-0.200013,1.436318,-1.706728,-0.002921,1.212779,50.695419,-4.234565
1565621684.590621,0.800025,1,1.114154,-0.024524,0.000000,-0.091862,-0.093095,0.000000,0.000000,0.000000,0.003824,0.792062,-0.198625,1.435130,-1.697605,-0.002620,1.213693,50.695419,-4.234567
1565621684.690654,0.900057,1,1.104988,-0.004743,0.000000,-0.083563,-0.084748,0.000000,0.000000,0.000000,0.003766,0.792439,-0.197198,1.434198,-1.689320,-0.002324,1.214632,50.695423,-4.234568
1565621684.790631,1.000034,1,1.096609,0.013020,0.000000,-0.076105,-0.077242,0.000000,0.000000,0.000000,0.003702,0.792811,-0.195767,1.433477,-1.681784,-0.002032,1.215573,50.695423,-4.234570
1565621684.890635,1.100040,1,1.088948,0.028982,0.000000,-0.069400,-0.070488,0.000000,0.000000,0.000000,0.003633,0.793175,-0.194360,1.432932,-1.674932,-0.001746,1.216497,50.695423,-4.234571
1565621684.990662,1.200072,1,1.081928,0.043373,0.000000,-0.063346,-0.064385,0.000000,0.000000,0.000000,0.003560,0.793533,-0.192992,1.432530,-1.668692,-0.001465,1.217394,50.695427,-4.234573
1565621685.090636,1.300039,1,1.075492,0.056364,0.000000,-0.057872,-0.058863,0.000000,0.000000,0.000000,0.003484,0.793883,-0.191678,1.432247,-1.663008,-0.001190,1.218256,50.695427,-4.234574
1565621685.190594,1.400001,1,1.069581,0.068118,0.000000,-0.052917,-0.053859,0.000000,0.000000,0.000000,0.003405,0.794226,-0.190424,1.432062,-1.657825,-0.000921,1.219078,50.695427,-4.234576
1565621685.290625,1.500018,1,1.064160,0.078747,0.000000,-0.048423,-0.049319,0.000000,0.000000,0.000000,0.003325,0.794560,-0.189238,1.431959,-1.653106,-0.000658,1.219854,50.695427,-4.234578
1565621685.390638,1.600044,1,1.059172,0.088396,0.000000,-0.044342,-0.045191,0.000000,0.000000,0.000000,0.003242,0.794886,-0.188120,1.431922,-1.648799,-0.000402,1.220585,50.695431,-4.234579
1565621685.490638,1.700032,1,1.054580,0.097164,0.000000,-0.040623,-0.041428,0.000000,0.000000,0.000000,0.003159,0.795205,-0.187070,1.431940,-1.644866,-0.000152,1.221271,50.695431,-4.234581
1565621685.590591,1.799987,1,1.050360,0.105121,0.000000,-0.037240,-0.038001,0.000000,0.000000,0.000000,0.003075,0.795514,-0.186091,1.432003,-1.641284,0.000091,1.221911,50.695431,-4.234582
1565621685.690650,1.900055,1,1.046470,0.112368,0.000000,-0.034157,-0.034876,0.000000,0.000000,0.000000,0.002990,0.795815,-0.185179,1.432103,-1.638012,0.000328,1.222506,50.695431,-4.234584
1565621685.790666,2.000062,1,1.042881,0.118977,0.000000,-0.031346,-0.032024,0.000000,0.000000,0.000000,0.002906,0.796108,-0.184330,1.432232,-1.635023,0.000558,1.223060,50.695435,-4.234585
1565621685.890627,2.100020,1,1.039573,0.125000,0.000000,-0.028776,-0.029415,0.000000,0.000000,0.000000,0.002822,0.796393,-0.183545,1.432385,-1.632295,0.000781,1.223572,50.695435,-4.234587
1565621685.990634,2.200053,1,1.036520,0.130499,0.000000,-0.026430,-0.027033,0.000000,0.000000,0.000000,0.002739,0.796669,-0.182818,1.432556,-1.629803,0.000998,1.224046,50.695435,-4.234588
1565621686.090638,2.300044,1,1.033701,0.135523,0.000000,-0.024284,-0.024851,0.000000,0.000000,0.000000,0.002656,0.796937,-0.182147,1.432743,-1.627527,0.001209,1.224483,50.695435,-4.234590
1565621686.190633,2.400027,1,1.031096,0.140116,0.000000,-0.022321,-0.022854,0.000000,0.000000,0.000000,0.002574,0.797197,-0.181529,1.432941,-1.625449,0.001413,1.224885,50.695438,-4.234591
1565621686.290663,2.500063,1,1.028688,0.144320,0.000000,-0.020522,-0.021023,0.000000,0.000000,0.000000,0.002494,0.797449,-0.180960,1.433147,-1.623550,0.001611,1.225255,50.695438,-4.234593
1565621686.390589,2.599997,1,1.026460,0.148172,0.000000,-0.018875,-0.019345,0.000000,0.000000,0.000000,0.002414,0.797693,-0.180436,1.433359,-1.621814,0.001802,1.225596,50.695438,-4.234594
1565621686.490681,2.700091,1,1.024400,0.151696,0.000000,-0.017366,-0.017807,0.000000,0.000000,0.000000,0.002337,0.797929,-0.179957,1.433575,-1.620231,0.001988,1.225908,50.695438,-4.234596
1565621686.590674,2.800084,1,1.022493,0.154929,0.000000,-0.015983,-0.016396,0.000000,0.000000,0.000000,0.002260,0.798157,-0.179518,1.433793,-1.618784,0.002167,1.226193,50.695442,-4.234597
1565621686.690630,2.900023,1,1.020726,0.157896,0.000000,-0.014713,-0.015100,0.000000,0.000000,0.000000,0.002185,0.798378,-0.179115,1.434011,-1.617461,0.002340,1.226455,50.695442,-4.234599
1565621686.790638,3.000035,1,1.019090,0.160617,0.000000,-0.013548,-0.013911,0.000000,0.000000,0.000000,0.002111,0.798592,-0.178748,1.434230,-1.616254,0.002508,1.226694,50.695442,-4.234600
1565621686.890654,3.100058,1,1.017573,0.163116,0.000000,-0.012481,-0.012820,0.000000,0.000000,0.000000,0.002040,0.798798,-0.178412,1.434447,-1.615152,0.002670,1.226912,50.695442,-4.234601
1565621686.990638,3.200029,1,1.016165,0.165414,0.000000,-0.011499,-0.011816,0.000000,0.000000,0.000000,0.001969,0.798997,-0.178106,1.434661,-1.614145,0.002826,1.227111,50.695446,-4.234603
1565621687.090635,3.300038,1,1.014860,0.167524,0.000000,-0.010598,-0.010894,0.000000,0.000000,0.000000,0.001901,0.799189,-0.177827,1.434873,-1.613225,0.002977,1.227292,50.695446,-4.234604
1565621687.190589,3.399988,1,1.013648,0.169466,0.000000,-0.009769,-0.010046,0.000000,0.000000,0.000000,0.001834,0.799375,-0.177573,1.435082,-1.612386,0.003123,1.227457,50.695446,-4.234606
1565621687.290599,3.500009,1,1.012523,0.171252,0.000000,-0.009008,-0.009266,0.000000,0.000000,0.000000,0.001770,0.799554,-0.177342,1.435286,-1.611620,0.003264,1.227606,50.695446,-4.234608
1565621687.390617,3.600011,1,1.011477,0.172895,0.000000,-0.008308,-0.008549,0.000000,0.000000,0.000000,0.001707,0.799726,-0.177133,1.435486,-1.610921,0.003399,1.227742,50.695450,-4.234609
1565621687.490619,3.700011,1,1.010506,0.174408,0.000000,-0.007664,-0.007890,0.000000,0.000000,0.000000,0.001645,0.799893,-0.176943,1.435682,-1.610283,0.003530,1.227865,50.695450,-4.234611
1565621687.590634,3.800026,1,1.009601,0.175803,0.000000,-0.007072,-0.007283,0.000000,0.000000,0.000000,0.001586,0.800054,-0.176771,1.435873,-1.609701,0.003656,1.227977,50.695450,-4.234612
1565621687.690641,3.900031,1,1.008761,0.177087,0.000000,-0.006528,-0.006724,0.000000,0.000000,0.000000,0.001528,0.800208,-0.176616,1.436059,-1.609171,0.003778,1.228078,50.695450,-4.234613
1565621687.790591,3.999990,1,1.007979,0.178271,0.000000,-0.006027,-0.006210,0.000000,0.000000,0.000000,0.001472,0.800357,-0.176475,1.436241,-1.608687,0.003895,1.228169,50.695454,-4.234615
1565621687.890647,4.100037,1,1.007251,0.179362,0.000000,-0.005566,-0.005736,0.000000,0.000000,0.000000,0.001417,0.800501,-0.176349,1.436417,-1.608247,0.004007,1.228251,50.695454,-4.234616
1565621687.990577,4.199976,1,1.006572,0.180369,0.000000,-0.005140,-0.005299,0.000000,0.000000,0.000000,0.001365,0.800639,-0.176235,1.436588,-1.607845,0.004116,1.228325,50.695454,-4.234618
1565621688.090661,4.300078,1,1.005940,0.181299,0.000000,-0.004749,-0.004897,0.000000,0.000000,0.000000,0.001314,0.800772,-0.176133,1.436754,-1.607479,0.004220,1.228391,50.695454,-4.234619
1565621688.190601,4.399990,1,1.005350,0.182157,0.000000,-0.004389,-0.004527,0.000000,0.000000,0.000000,0.001265,0.800900,-0.176041,1.436915,-1.607147,0.004321,1.228451,50.695457,-4.234621
1565621688.290568,4.499964,1,1.004801,0.182948,0.000000,-0.004057,-0.004186,0.000000,0.000000,0.000000,0.001217,0.801023,-0.175959,1.437071,-1.606844,0.004418,1.228504,50.695457,-4.234622
1565621688.390632,4.600025,1,1.004288,0.183679,0.000000,-0.003751,-0.003871,0.000000,0.000000,0.000000,0.001171,0.801142,-0.175885,1.437222,-1.606568,0.004511,1.228552,50.695457,-4.234624
1565621688.490645,4.700047,1,1.003809,0.184355,0.000000,-0.003470,-0.003581,0.000000,0.000000,0.000000,0.001126,0.801256,-0.175820,1.437368,-1.606318,0.004601,1.228594,50.695461,-4.234625
1565621688.590589,4.799995,1,1.003361,0.184980,0.000000,-0.003210,-0.003314,0.000000,0.000000,0.000000,0.001083,0.801366,-0.175762,1.437509,-1.606090,0.004687,1.228632,50.695461,-4.234627
1565621688.690569,4.899964,1,1.002943,0.185557,0.000000,-0.002970,-0.003067,0.000000,0.000000,0.000000,0.001042,0.801471,-0.175710,1.437645,-1.605884,0.004770,1.228665,50.695461,-4.234628
1565621688.790602,5.000030,1,1.002552,0.186092,0.000000,-0.002749,-0.002839,0.000000,0.000000,0.000000,0.001001,0.801573,-0.175665,1.437777,-1.605696,0.004849,1.228694,50.695461,-4.234630
1565621688.890588,5.099988,1,1.002187,0.186586,0.000000,-0.002545,-0.002629,0.000000,0.000000,0.000000,0.000963,0.801670,-0.175625,1.437905,-1.605526,0.004926,1.228720,50.695465,-4.234631
1565621688.990615,5.200018,1,1.001845,0.187043,0.000000,-0.002357,-0.002436,0.000000,0.000000,0.000000,0.000925,0.801764,-0.175590,1.438027,-1.605372,0.005000,1.228743,50.695465,-4.234632
1565621689.090641,5.300034,1,1.001525,0.187466,0.000000,-0.002184,-0.002257,0.000000,0.000000,0.000000,0.000889,0.801854,-0.175560,1.438146,-1.605232,0.005070,1.228763,50.695465,-4.234634
1565621689.190590,5.399997,1,1.001226,0.187858,0.000000,-0.002023,-0.002091,0.000000,0.000000,0.000000,0.000855,0.801941,-0.175533,1.438260,-1.605106,0.005138,1.228780,50.695465,-4.234635
1565621689.290631,5.500023,1,1.000945,0.188221,0.000000,-0.001876,-0.001939,0.000000,0.000000,0.000000,0.000821,0.802024,-0.175511,1.438370,-1.604992,0.005204,1.228794,50.695469,-4.234637
1565621689.390632,5.600029,1,1.000682,0.188557,0.000000,-0.001739,-0.001798,0.000000,0.000000,0.000000,0.000789,0.802104,-0.175491,1.438476,-1.604889,0.005267,1.228807,50.695469,-4.234638
1565621689.490636,5.700033,1,1.000435,0.188869,0.000000,-0.001613,-0.001668,0.000000,0.000000,0.000000,0.000758,0.802181,-0.175475,1.438579,-1.604796,0.005327,1.228817,50.695469,-4.234640
1565621689.590636,5.800037,1,1.000204,0.189158,0.000000,-0.001496,-0.001548,0.000000,0.000000,0.000000,0.000728,0.802254,-0.175462,1.438677,-1.604712,0.005385,1.228826,50.695469,-4.234641
1565621689.690580,5.899988,1,0.999986,0.189426,0.000000,-0.001388,-0.001436,0.000000,0.000000,0.000000,0.000699,0.802325,-0.175450,1.438772,-1.604637,0.005441,1.228834,50.695473,-4.234643
1565621689.790561,5.999954,1,0.999782,0.189675,0.000000,-0.001289,-0.001334,0.000000,0.000000,0.000000,0.000671,0.802393,-0.175441,1.438864,-1.604569,0.005494,1.228839,50.695473,-4.234644
1565621689.890633,6.100023,1,0.999591,0.189905,0.000000,-0.001197,-0.001239,0.000000,0.000000,0.000000,0.000645,0.802459,-0.175434,1.438952,-1.604509,0.005545,1.228844,50.695473,-4.234646
1565621689.990550,6.199940,1,0.999411,0.190120,0.000000,-0.001112,-0.001151,0.000000,0.000000,0.000000,0.000619,0.802522,-0.175429,1.439036,-1.604454,0.005595,1.228847,50.695473,-4.234647
1565621690.090603,6.300026,1,0.999241,0.190319,0.000000,-0.001033,-0.001070,0.000000,0.000000,0.000000,0.000594,0.802582,-0.175425,1.439118,-1.604405,0.005642,1.228850,50.695477,-4.234649
1565621690.190628,6.400044,1,0.999082,0.190504,0.000000,-0.000961,-0.000994,0.000000,0.000000,0.000000,0.000571,0.802640,-0.175423,1.439196,-1.604362,0.005687,1.228851,50.695477,-4.234650
1565621690.290591,6.500011,1,0.998932,0.190676,0.000000,-0.000893,-0.000925,0.000000,0.000000,0.000000,0.000548,0.802695,-0.175422,1.439271,-1.604323,0.005731,1.228852,50.695477,-4.234652
1565621690.390571,6.599967,1,0.998791,0.190835,0.000000,-0.000831,-0.000860,0.000000,0.000000,0.000000,0.000526,0.802749,-0.175422,1.439344,-1.604289,0.005773,1.228852,50.695477,-4.234653
1565621690.490611,6.700016,1,0.998658,0.190984,0.000000,-0.000773,-0.000800,0.000000,0.000000,0.000000,0.000505,0.802800,-0.175423,1.439413,-1.604259,0.005813,1.228851,50.695480,-4.234654
1565621690.590600,6.800008,1,0.998533,0.191122,0.000000,-0.000720,-0.000745,0.000000,0.000000,0.000000,0.000484,0.802849,-0.175425,1.439481,-1.604232,0.005852,1.228850,50.695480,-4.234656
1565621690.690636,6.900025,1,0.998415,0.191251,0.000000,-0.000670,-0.000694,0.000000,0.000000,0.000000,0.000465,0.802896,-0.175427,1.439545,-1.604208,0.005889,1.228848,50.695480,-4.234657
1565621690.790631,7.000038,1,0.998304,0.191371,0.000000,-0.000624,-0.000647,0.000000,0.000000,0.000000,0.000446,0.802941,-0.175431,1.439607,-1.604187,0.005924,1.228846,50.695480,-4.234659
1565621690.890636,7.100028,1,0.998199,0.191483,0.000000,-0.000582,-0.000603,0.000000,0.000000,0.000000,0.000428,0.802985,-0.175434,1.439666,-1.604169,0.005958,1.228844,50.695484,-4.234660
1565621690.990658,7.200055,1,0.998100,0.191587,0.000000,-0.000542,-0.000562,0.000000,0.000000,0.000000,0.000411,0.803026,-0.175438,1.439723,-1.604154,0.005991,1.228841,50.695484,-4.234662
1565621691.090628,7.300023,1,0.998007,0.191684,0.000000,-0.000506,-0.000524,0.000000,0.000000,0.000000,0.000394,0.803066,-0.175443,1.439778,-1.604140,0.006022,1.228838,50.695484,-4.234663
1565621691.190586,7.399994,1,0.997918,0.191774,0.000000,-0.000472,-0.000489,0.000000,0.000000,0.000000,0.000378,0.803105,-0.175448,1.439831,-1.604129,0.006053,1.228835,50.695484,-4.234664
1565621691.290646,7.500052,1,0.997835,0.191858,0.000000,-0.000440,-0.000456,0.000000,0.000000,0.000000,0.000363,0.803141,-0.175453,1.439882,-1.604119,0.006081,1.228832,50.695488,-4.234666
1565621691.390642,7.600036,1,0.997756,0.191937,0.000000,-0.000411,-0.000426,0.000000,0.000000,0.000000,0.000348,0.803177,-0.175459,1.439930,-1.604111,0.006109,1.228828,50.695488,-4.234668
1565621691.490626,7.700027,1,0.997682,0.192010,0.000000,-0.000384,-0.000398,0.000000,0.000000,0.000000,0.000334,0.803210,-0.175465,1.439977,-1.604104,0.006136,1.228824,50.695488,-4.234669
1565621691.590592,7.800002,1,0.997611,0.192079,0.000000,-0.000359,-0.000372,0.000000,0.000000,0.000000,0.000320,0.803243,-0.175471,1.440022,-1.604098,0.006161,1.228820,50.695488,-4.234671
1565621691.690554,7.899944,1,0.997544,0.192143,0.000000,-0.000335,-0.000348,0.000000,0.000000,0.000000,0.000307,0.803274,-0.175477,1.440065,-1.604094,0.006186,1.228817,50.695488,-4.234672
1565621691.790636,8.000025,1,0.997481,0.192203,0.000000,-0.000314,-0.000325,0.000000,0.000000,0.000000,0.000295,0.803304,-0.175483,1.440106,-1.604091,0.006209,1.228813,50.695492,-4.234674
1565621691.890650,8.100053,1,0.997421,0.192259,0.000000,-0.000294,-0.000304,0.000000,0.000000,0.000000,0.000282,0.803333,-0.175489,1.440146,-1.604088,0.006232,1.228809,50.695492,-4.234675
1565621691.990575,8.199972,1,0.997365,0.192312,0.000000,-0.000275,-0.000285,0.000000,0.000000,0.000000,0.000271,0.803360,-0.175495,1.440184,-1.604086,0.006253,1.228805,50.695492,-4.234676
1565621692.090655,8.300069,1,0.997311,0.192361,0.000000,-0.000257,-0.000267,0.000000,0.000000,0.000000,0.000260,0.803386,-0.175501,1.440221,-1.604085,0.006274,1.228801,50.695492,-4.234678
1565621692.190570,8.399966,1,0.997260,0.192407,0.000000,-0.000241,-0.000250,0.000000,0.000000,0.000000,0.000249,0.803412,-0.175507,1.440256,-1.604085,0.006294,1.228797,50.695496,-4.234679
1565621692.290638,8.500027,1,0.997212,0.192450,0.000000,-0.000226,-0.000234,0.000000,0.000000,0.000000,0.000239,0.803436,-0.175513,1.440289,-1.604085,0.006313,1.228793,50.695496,-4.234681
1565621692.390637,8.600026,1,0.997166,0.192490,0.000000,-0.000212,-0.000220,0.000000,0.000000,0.000000,0.000229,0.803459,-0.175519,1.440322,-1.604086,0.006331,1.228789,50.695496,-4.234682
1565621692.490558,8.699952,1,0.997123,0.192528,0.000000,-0.000199,-0.000206,0.000000,0.000000,0.000000,0.000220,0.803482,-0.175525,1.440353,-1.604087,0.006349,1.228785,50.695496,-4.234684
1565621692.590586,8.800005,1,0.997082,0.192564,0.000000,-0.000186,-0.000193,0.000000,0.000000,0.000000,0.000211,0.803503,-0.175531,1.440383,-1.604089,0.006365,1.228781,50.695499,-4.234685
1565621692.690592,8.899996,1,0.997042,0.192597,0.000000,-0.000175,-0.000181,0.000000,0.000000,0.000000,0.000202,0.803523,-0.175537,1.440411,-1.604091,0.006381,1.228777,50.695499,-4.234687
1565621692.790563,8.999977,1,0.997005,0.192628,0.000000,-0.000164,-0.000170,0.000000,0.000000,0.000000,0.000194,0.803543,-0.175542,1.440438,-1.604093,0.006397,1.228774,50.695499,-4.234688
1565621692.890619,9.100013,1,0.996970,0.192657,0.000000,-0.000154,-0.000160,0.000000,0.000000,0.000000,0.000186,0.803562,-0.175548,1.440465,-1.604095,0.006412,1.228770,50.695499,-4.234690
1565621692.990549,9.199937,1,0.996937,0.192685,0.000000,-0.000145,-0.000150,0.000000,0.000000,0.000000,0.000178,0.803580,-0.175553,1.440490,-1.604098,0.006426,1.228767,50.695503,-4.234691
1565621693.090555,9.299947,1,0.996905,0.192711,0.000000,-0.000136,-0.000142,0.000000,0.000000,0.000000,0.000171,0.803597,-0.175559,1.440514,-1.604101,0.006439,1.228763,50.695503,-4.234693
1565621693.190586,9.399984,1,0.996874,0.192735,0.000000,-0.000128,-0.000133,0.000000,0.000000,0.000000,0.000164,0.803614,-0.175564,1.440537,-1.604104,0.006453,1.228760,50.695503,-4.234694
1565621693.290551,9.499941,1,0.996846,0.192758,0.000000,-0.000121,-0.000125,0.000000,0.000000,0.000000,0.000157,0.803630,-0.175569,1.440560,-1.604107,0.006465,1.228756,50.695503,-4.234695
1565621693.390582,9.599974,1,0.996818,0.192780,0.000000,-0.000114,-0.000118,0.000000,0.000000,0.000000,0.000150,0.803645,-0.175574,1.440581,-1.604110,0.006477,1.228753,50.695507,-4.234697
1565621693.490625,9.700026,1,0.996792,0.192800,0.000000,-0.000107,-0.000111,0.000000,0.000000,0.000000,0.000144,0.803660,-0.175579,1.440602,-1.604113,0.006489,1.228750,50.695507,-4.234698
1565621693.590593,9.799999,1,0.996767,0.192819,0.000000,-0.000101,-0.000105,0.000000,0.000000,0.000000,0.000138,0.803674,-0.175584,1.440621,-1.604116,0.006500,1.228747,50.695507,-4.234700
1565621693.690677,9.900094,1,0.996744,0.192837,0.000000,-0.000095,-0.000099,0.000000,0.000000,0.000000,0.000133,0.803687,-0.175588,1.440640,-1.604120,0.006510,1.228744,50.695507,-4.234701
1565621693.790570,9.999966,1,0.996721,0.192854,0.000000,-0.000090,-0.000093,0.000000,0.000000,0.000000,0.000127,0.803700,-0.175593,1.440658,-1.604123,0.006520,1.228741,50.695511,-4.234703
1565621693.890607,0.000024,2,0.996700,0.192870,0.000000,-0.000085,-0.000088,0.000000,0.000000,0.000000,0.000122,0.803712,-0.175597,1.440675,-1.604126,0.006530,1.228738,50.695511,-4.234704
1565621693.990647,0.100068,2,0.996679,0.192885,0.000000,-0.000080,-0.000083,0.000000,0.000000,0.000000,0.000117,0.803724,-0.175601,1.440692,-1.604130,0.785398,0.000000,50.695511,-4.234705
1565621694.090635,0.200058,2,0.996660,0.192900,0.000000,-0.000075,-0.000078,0.000000,0.000000,0.000000,0.000112,0.803736,-0.175605,1.440708,-1.604133,0.785398,0.000000,50.695511,-4.234707
1565621694.190579,0.300009,2,0.944092,0.305936,0.000000,-0.646347,-0.651568,0.000000,0.000000,0.000000,-0.219902,0.789421,-0.139920,1.421516,-1.522968,0.785398,0.000000,50.695515,-4.234708
1565621694.290643,0.400074,2,0.903422,0.391583,0.000000,-0.607755,-0.584027,0.000000,0.000000,0.000000,-0.246617,0.765491,-0.102545,1.398631,-1.435145,0.785398,0.000000,50.695515,-4.234710
1565621694.390588,0.500005,2,0.865284,0.454832,0.000000,-0.572582,-0.523463,0.000000,0.000000,0.000000,-0.249556,0.740613,-0.070708,1.383239,-1.349417,0.785398,0.000000,50.695515,-4.234711
1565621694.490609,0.600037,2,0.828786,0.499896,0.000000,-0.540044,-0.469509,0.000000,0.000000,0.000000,-0.249933,0.715644,-0.044937,1.375107,-1.267170,0.785398,0.000000,50.695515,-4.234712
1565621694.590636,0.700042,2,0.793702,0.530388,0.000000,-0.509779,-0.421288,0.000000,0.000000,0.000000,-0.249988,0.690640,-0.024613,1.373096,-1.188672,0.785398,0.000000,50.695518,-4.234713
1565621694.690622,0.800036,2,0.760019,0.549190,0.000000,-0.481568,-0.378136,0.000000,0.000000,0.000000,-0.249998,0.665663,-0.008946,1.376118,-1.114225,0.785398,0.000000,50.695518,-4.234714
1565621694.790603,0.900018,2,0.727600,0.558757,0.000000,-0.455206,-0.339390,0.000000,0.000000,0.000000,-0.250000,0.640662,0.002924,1.383216,-1.043670,0.785398,0.000000,50.695518,-4.234715
1565621694.890630,1.000031,2,0.696417,0.561041,0.000000,-0.430548,-0.304562,0.000000,0.000000,0.000000,-0.250000,0.615662,0.011714,1.393562,-0.976978,0.785398,0.000000,50.695518,-4.234715
1565621694.990632,1.100034,2,0.666399,0.557646,0.000000,-0.407413,-0.273167,0.000000,0.000000,0.000000,-0.250000,0.590646,0.018047,1.406462,-0.913935,0.785398,0.000000,50.695518,-4.234716
1565621695.090587,1.199992,2,0.637561,0.549887,0.000000,-0.385648,-0.244838,0.000000,0.000000,0.000000,-0.250000,0.565669,0.022421,1.421296,-0.854457,0.785398,0.000000,50.695522,-4.234717
1565621695.190614,1.300030,2,0.609772,0.538794,0.000000,-0.365240,-0.219263,0.000000,0.000000,0.000000,-0.250000,0.540658,0.025262,1.437614,-0.798124,0.785398,0.000000,50.695522,-4.234717
1565621695.290644,1.400063,2,0.583046,0.525231,0.000000,-0.345982,-0.196107,0.000000,0.000000,0.000000,-0.250000,0.515660,0.026894,1.454982,-0.744795,0.785398,0.000000,50.695522,-4.234718
1565621695.390556,1.499962,2,0.557327,0.509873,0.000000,-0.327818,-0.175132,0.000000,0.000000,0.000000,-0.250000,0.490661,0.027586,1.473077,-0.694187,0.785398,0.000000,50.695522,-4.234718
1565621695.490596,1.600009,2,0.532587,0.493269,0.000000,-0.310671,-0.156121,0.000000,0.000000,0.000000,-0.250000,0.465668,0.027551,1.491620,-0.646074,0.785398,0.000000,50.695522,-4.234719
1565621695.590578,1.699980,2,0.508756,0.475825,0.000000,-0.294455,-0.138856,0.000000,0.000000,0.000000,-0.250000,0.440645,0.026958,1.510420,-0.600159,0.785398,0.000000,50.695522,-4.234719
1565621695.690629,1.800035,2,0.485874,0.457940,0.000000,-0.279130,-0.123204,0.000000,0.000000,0.000000,-0.250000,0.415669,0.025947,1.529239,-0.556371,0.785398,0.000000,50.695522,-4.234719
1565621695.790628,1.900052,2,0.463834,0.439827,0.000000,-0.264621,-0.108977,0.000000,0.000000,0.000000,-0.250000,0.390658,0.024624,1.547997,-0.514370,0.785398,0.000000,50.695526,-4.234720
1565621695.890604,2.000045,2,0.442649,0.421731,0.000000,-0.250870,-0.096052,0.000000,0.000000,0.000000,-0.250000,0.365657,0.023080,1.566545,-0.474056,0.785398,0.000000,50.695526,-4.234720
1565621695.990594,0.000026,3,0.422266,0.403795,0.000000,-0.237834,-0.084301,0.000000,0.000000,0.000000,-0.250000,0.340637,0.021384,1.584818,-0.435221,0.785398,0.000000,50.695526,-4.234720
1565621696.090604,0.100040,3,0.402693,0.386176,0.000000,-0.225479,-0.073633,0.000000,0.000000,0.000000,-0.250000,0.315643,0.019594,1.602711,-0.397786,0.000000,0.000000,50.695526,-4.234720
1565621696.190658,0.200114,3,0.383886,0.368954,0.000000,-0.213748,-0.063936,0.000000,0.000000,0.000000,-0.250000,0.290650,0.017756,1.620188,-0.361583,0.000000,0.000000,50.695526,-4.234721
1565621696.290657,0.300092,3,0.383970,0.367323,0.000000,-0.020426,-0.005685,0.000000,0.000000,0.000000,-0.143246,0.271433,0.016732,1.619559,-0.337462,0.000000,0.000000,50.695526,-4.234721
1565621696.390626,0.400054,3,0.383021,0.365703,0.000000,-0.020268,-0.005415,0.000000,0.000000,0.000000,-0.077465,0.261056,0.016139,1.620213,-0.324253,0.000000,0.000000,50.695526,-4.234721
1565621696.490629,0.500059,3,0.381572,0.364096,0.000000,-0.020085,-0.005245,0.000000,0.000000,0.000000,-0.041999,0.255441,0.015791,1.621493,-0.316932,0.000000,0.000000,50.695526,-4.234721
1565621696.590596,0.600028,3,0.379875,0.362501,0.000000,-0.019891,-0.005130,0.000000,0.000000,0.000000,-0.022850,0.252390,0.015576,1.623084,-0.312784,0.000000,0.000000,50.695526,-4.234721
1565621696.690654,0.700083,3,0.378059,0.360918,0.000000,-0.019693,-0.005044,0.000000,0.000000,0.000000,-0.012472,0.250728,0.015435,1.624829,-0.310355,0.000000,0.000000,50.695526,-4.234721
1565621696.790591,0.800009,3,0.376189,0.359346,0.000000,-0.019494,-0.004974,0.000000,0.000000,0.000000,-0.006830,0.249819,0.015335,1.626646,-0.308860,0.000000,0.000000,50.695530,-4.234721
1565621696.890610,0.900043,3,0.374297,0.357786,0.000000,-0.019296,-0.004913,0.000000,0.000000,0.000000,-0.003753,0.249320,0.015256,1.628494,-0.307875,0.000000,0.000000,50.695530,-4.234722
